88 124 97 103 53 109 2 83 35 86 141 35 59 71 11 119 129 141 111 124 115 121 103 86 81 128 152 116 43 141 62 106 67 32 28 92 25 111 67 126 60 43 20 91 42 75 61 15 35 43 70 128 52 64 15 9 12 27 83 37 3 134 56 86
78 184 8 106 15 154 141 71 166 63 136 52 101 6 64 11 10 73 98 126 40 139 41 127 23 172 60 38 104 73 114 71 158 4 84 18 56 12 12 139 58 35 5 76 67 100 60 52 113 133 110 13 3 109 88 45 78 134 182 137 7 131 157 61
1 2 0 0 0 2 2 3 0 3 5 13 2 3 2 1 1 1 0 3 1 2 0 5 1 3 2 0 0 3 1 1 3 2 3 2 2 1 4 1 1 10 3 4 0 2 0 0 1 0 3 4 2 1 7 1 0 7 5 11 2 0 0 4
3 2 1 1 1 1 2 0 2 2 1 0 0 0 2 1 1 2 4 2 1 0 4 0 4 1 2 4 3 1 1 3 5 6 4 3 1 0 0 0 7 6 0 0 6 8 0 1 5 2 3 2 5 1 3 0 10 2 3 3 1 1 2 4
0 3 3 2 0 1 1 1 0 2 1 5 3 0 2 0 3 1 0 0 0 2 8 2 0 1 2 3 1 0 4 3 2 2 0 1 1 1 1 5 2 4 0 0 0 2 0 0 2 2 5 3 0 2 4 0 2 4 0 1 0 5 4 3
0 4 2 2 0 2 8 5 5 2 3 0 3 1 4 0 1 0 1 1 2 2 3 2 8 3 1 0 0 4 1 7 1 1 1 1 1 1 4 6 2 3 1 0 0 3 0 15 5 4 2 2 3 0 1 0 1 1 1 1 1 1 2 1
3 3 4 0 2 0 3 2 5 1 1 3 2 2 2 2 1 0 0 1 0 2 0 0 2 2 1 2 0 3 2 3 2 1 1 1 1 1 0 1 3 2 1 2 3 1 0 1 4 1 1 0 2 2 9 1 7 2 7 0 1 1 1 2
1 1 3 1 2 2 0 1 7 2 7 1 1 3 0 0 1 1 0 1 2 1 5 0 7 3 0 0 3 0 1 1 1 0 1 1 1 2 3 0 0 2 1 1 6 2 2 3 0 8 2 0 0 1 1 1 1 0 1 1 3 0 0 4
5 0 2 6 0 1 0 1 0 1 0 3 3 1 0 2 1 3 3 2 2 3 1 3 1 3 1 4 2 0 3 5 4 0 2 1 1 1 1 8 0 3 4 2 3 1 2 0 2 1 3 1 6 0 7 0 6 0 0 1 1 3 7 2
4 9 1 1 3 4 0 2 2 0 2 1 2 0 1 0 1 1 2 3 0 0 1 1 0 1 8 1 4 0 2 0 5 0 1 0 2 0 1 0 0 2 2 0 1 1 1 1 0 1 0 5 1 2 2 4 1 1 1 3 2 3 0 1
2 1 2 3 0 2 0 0 0 5 1 1 1 2 0 1 0 1 1 3 3 1 3 1 1 2 2 1 2 1 2 1 2 1 2 2 8 1 3 1 0 0 3 1 1 1 4 4 2 0 6 4 0 0 2 1 1 0 1 1 2 14 2 5
2 9 2 1 2 1 0 0 0 5 2 1 4 0 0 1 0 5 0 1 0 0 0 0 0 1 0 7 6 0 3 7 3 1 4 9 2 4 2 2 6 0 3 1 1 1 0 3 11 0 4 3 1 2 2 0 2 3 1 2 2 0 1 4
0 4 0 4 2 5 1 3 0 0 0 5 2 0 3 0 0 1 1 1 0 7 2 0 0 0 0 4 2 1 10 4 2 10 7 0 4 1 1 1 0 2 1 0 0 0 11 3 2 3 4 2 0 1 8 2 0 0 2 2 1 3 2 3
0 5 0 2 1 2 1 0 3 1 3 0 1 1 2 2 3 1 4 0 2 0 2 0 3 4 2 0 4 0 0 2 11 6 0 3 2 0 2 6 0 1 0 2 4 1 1 11 1 3 1 6 2 4 0 3 3 4 4 0 3 8 5 1
0 4 1 1 5 7 4 0 2 2 2 1 0 2 5 0 0 0 2 0 1 1 1 1 3 1 1 1 1 4 5 3 2 2 4 3 2 3 4 3 1 2 4 2 0 0 0 3 2 5 2 10 2 2 2 1 2 0 6 5 4 2 5 5
0 2 2 3 11 6 0 4 2 2 0 2 2 0 0 2 1 1 2 3 2 5 0 2 3 3 0 0 0 6 0 1 4 0 3 0 2 4 0 2 2 2 4 0 4 2 3 4 0 3 4 4 0 0 2 2 0 1 1 1 2 3 3 2
3 1 1 0 2 0 5 1 2 1 1 3 3 3 1 0 0 0 3 3 1 3 1 0 2 0 0 2 3 0 8 2 1 0 1 2 2 1 1 1 5 0 5 3 0 0 3 1 1 0 0 2 1 1 1 0 1 5 0 1 2 1 2 2
4 1 3 1 2 0 1 2 1 3 2 0 0 1 6 2 2 0 0 2 3 1 3 2 2 1 2 2 0 1 0 1 0 0 1 1 0 0 0 0 1 3 0 7 0 0 1 0 1 6 1 3 2 2 2 2 0 2 5 7 2 4 2 2
9 5 2 3 2 0 0 5 1 3 0 1 2 1 3 0 2 3 4 3 1 0 6 6 3 0 1 4 4 2 3 3 1 4 0 2 0 3 2 0 1 2 3 3 0 4 0 3 1 0 4 1 2 5 9 0 5 1 5 1 1 2 0 5
7 0 2 4 6 3 4 0 1 0 3 0 1 1 0 0 1 1 2 2 3 0 5 0 2 2 1 5 0 2 2 3 4 1 2 2 2 6 3 1 0 0 2 1 3 4 2 1 1 0 3 0 1 0 0 0 3 1 0 3 3 1 8 0
9 10 4 1 0 3 0 0 0 4 5 0 4 0 0 1 0 2 2 4 0 0 4 1 0 0 2 1 1 4 0 7 1 1 2 0 0 4 0 2 0 4 0 2 5 2 0 0 2 0 1 1 1 1 1 2 1 0 1 1 4 0 1 2
18 11 1 1 7 0 0 1 0 1 0 2 2 1 1 1 6 0 6 4 0 5 5 1 0 0 1 0 1 1 0 2 0 7 0 4 0 7 3 2 2 0 4 0 1 4 5 16 1 5 3 4 1 2 4 0 0 1 1 3 2 1 12 1
2 1 0 1 0 2 8 1 1 3 9 1 3 8 5 2 1 0 4 15 0 2 1 0 6 5 1 1 1 1 0 2 3 2 1 3 0 4 1 3 0 5 0 1 1 5 2 4 2 2 7 5 1 1 3 4 1 1 0 3 5 4 1 1
14 5 5 3 0 2 2 3 3 2 5 5 6 0 0 1 6 0 2 0 1 0 4 3 1 2 0 0 1 2 1 1 7 1 5 4 1 1 2 0 0 0 2 0 1 1 9 19 13 2 2 0 5 4 3 0 4 1 1 6 1 2 3 1
1 1 0 1 1 1 1 4 1 1 2 1 3 1 7 1 2 2 2 1 1 5 3 1 3 0 3 0 5 2 0 2 2 1 1 1 3 0 1 0 1 1 1 2 3 1 3 1 3 1 1 5 0 1 7 2 2 3 3 4 1 2 7 1
2 1 2 1 1 1 1 1 0 10 2 3 2 1 0 3 0 4 2 0 2 3 5 0 0 4 5 0 5 2 2 0 3 3 5 3 3 10 2 0 0 0 1 0 0 4 3 2 2 1 4 1 5 3 4 1 4 1 2 2 2 1 1 12
1 4 0 2 2 1 1 2 1 9 2 2 1 5 0 0 1 0 1 0 4 2 2 7 1 2 3 1 0 1 4 6 2 1 4 1 0 3 2 0 0 5 0 0 1 1 4 1 0 3 0 1 4 9 4 3 3 2 1 1 2 1 2 13
2 0 4 14 2 4 2 2 3 1 0 1 3 1 2 1 4 4 0 1 0 2 5 0 0 2 6 0 1 2 2 2 3 0 7 5 3 0 5 1 7 4 1 1 2 1 10 1 8 2 2 2 3 3 1 6 0 2 0 2 0 6 3 4
6 1 1 1 5 2 1 7 3 0 3 4 0 1 4 1 1 4 1 1 2 1 3 1 3 2 3 1 3 7 1 9 4 7 1 2 0 0 3 0 1 0 0 1 1 0 5 0 0 2 1 3 3 5 1 5 1 7 3 2 1 1 2 0
1 3 5 1 7 0 0 0 0 4 1 0 0 2 0 2 2 1 1 3 0 0 2 2 1 3 0 1 9 5 0 2 2 1 0 0 0 0 7 0 0 1 1 1 0 3 4 5 1 0 3 1 1 2 0 3 2 3 6 3 5 1 3 0
3 1 5 0 1 1 0 2 1 2 0 0 4 0 2 5 5 1 0 1 0 6 2 0 8 6 4 2 7 2 3 6 2 1 0 0 2 5 1 1 3 3 2 3 0 2 1 1 1 2 2 1 5 1 3 1 5 1 9 1 1 2 2 0
0 0 4 0 3 0 10 2 8 0 3 0 4 0 3 0 1 1 0 2 0 5 1 1 2 9 3 0 2 0 2 2 2 1 0 0 0 2 2 2 2 5 2 0 4 2 0 5 3 5 0 1 4 0 1 0 5 1 2 5 4 0 1 2
2 2 0 1 2 3 3 1 1 2 4 2 2 6 2 3 3 3 2 3 1 6 2 0 2 9 6 7 1 1 1 0 0 2 0 0 0 2 4 1 2 3 1 1 1 2 3 2 5 2 2 0 1 0 1 1 2 0 0 2 2 1 1 0
0 4 0 0 5 4 1 2 2 0 0 0 3 1 2 1 0 0 2 3 8 0 5 0 2 0 1 3 7 2 0 2 8 2 4 1 0 5 1 5 1 2 0 0 2 2 0 3 5 1 1 0 3 3 1 2 3 2 2 0 1 2 4 3
1 0 0 3 3 6 1 4 1 0 0 0 8 1 5 1 4 3 3 2 1 1 4 1 0 0 0 3 3 2 3 4 1 0 0 0 0 2 1 1 1 0 0 5 6 1 0 0 1 1 0 1 2 0 0 2 4 2 5 3 2 7 3 1
1 0 2 3 2 0 1 1 3 0 4 0 2 2 4 1 7 7 4 2 2 1 4 0 0 3 1 1 0 4 7 2 3 4 7 1 1 2 3 1 7 3 14 0 3 0 0 0 6 1 1 0 2 1 0 3 0 2 2 7 0 3 7 2
3 2 1 0 3 0 2 0 0 1 4 1 2 2 2 0 3 5 0 2 3 6 1 2 3 4 0 1 2 0 1 1 3 4 0 10 1 1 0 0 0 4 1 0 3 3 0 0 3 0 3 1 1 2 3 1 1 1 5 2 2 0 3 3
2 6 3 2 1 3 8 0 7 1 0 7 2 3 1 2 2 0 1 0 1 2 2 0 1 0 1 0 7 0 2 3 6 11 10 0 3 0 0 2 6 0 0 3 3 0 3 2 7 0 2 0 1 1 0 0 5 1 10 0 1 1 1 1
1 4 5 2 6 8 2 0 1 2 2 2 1 2 3 1 3 5 3 0 4 1 1 4 1 3 1 2 2 2 0 2 5 7 0 3 5 0 0 3 1 1 1 2 0 1 2 1 0 0 3 0 2 1 2 4 3 2 2 2 12 2 5 3
1 2 1 3 4 1 1 2 0 2 1 2 0 2 1 0 0 4 2 4 3 3 1 3 0 2 2 0 3 1 4 3 4 1 0 3 2 1 2 0 3 10 4 2 2 1 5 0 2 2 4 3 1 3 2 2 1 0 3 1 2 1 7 1
0 1 0 0 0 3 6 1 5 2 1 0 1 2 3 0 0 1 1 1 4 1 1 2 1 3 4 1 0 0 1 3 2 3 0 1 0 1 0 5 1 3 3 1 5 2 3 0 1 1 0 3 5 3 2 4 0 1 1 2 3 1 2 2
1 1 2 3 3 1 2 0 1 2 2 0 3 1 1 3 2 0 2 4 1 0 5 2 3 2 0 4 1 0 2 0 1 2 3 3 0 1 0 3 2 1 7 2 3 1 5 2 4 4 2 2 2 9 6 1 1 1 3 3 0 3 1 8
1 0 0 3 3 0 1 1 4 2 0 2 3 2 7 5 1 3 2 3 0 1 1 3 0 2 2 2 2 5 2 3 2 2 6 0 5 2 0 3 3 1 3 1 1 3 6 1 3 3 2 0 0 3 0 3 0 3 2 5 0 0 0 0
6 4 0 2 2 0 0 3 0 1 1 0 0 0 6 5 0 1 3 0 0 3 1 1 1 2 1 1 0 1 1 1 0 1 7 2 1 1 1 3 1 1 1 0 0 3 0 0 2 0 0 2 1 0 0 2 0 1 1 4 1 2 1 7
2 2 6 5 2 1 0 1 0 2 5 0 4 1 9 3 0 0 2 2 2 1 2 2 3 2 1 1 5 0 2 0 0 2 2 2 2 0 1 0 0 0 2 1 0 2 3 0 6 2 1 2 2 3 2 0 1 2 2 1 4 1 0 0
8 2 1 0 0 1 1 0 0 5 2 1 0 5 2 2 1 3 0 9 1 0 1 3 4 3 1 1 0 0 1 0 1 1 4 1 2 1 7 0 0 5 4 5 0 8 7 3 3 1 1 0 1 6 1 5 1 1 1 2 1 0 0 8
3 2 1 0 2 0 0 2 2 4 0 2 2 2 1 0 1 2 3 0 2 4 2 0 0 5 0 8 2 2 1 2 0 0 5 2 7 0 0 3 2 2 3 4 0 4 3 4 4 2 1 0 8 2 2 1 2 2 2 4 1 1 1 1
3 3 0 5 4 3 0 1 2 2 3 1 3 2 2 4 2 5 1 1 0 1 0 0 3 4 1 2 0 1 6 3 0 4 1 0 0 1 13 0 7 2 1 2 1 2 1 1 1 0 0 1 0 0 2 1 3 0 2 1 1 2 0 2
1 1 2 4 3 4 3 2 3 8 0 3 0 0 4 4 3 6 0 2 0 1 1 0 1 0 0 2 1 1 7 0 5 3 2 1 0 0 1 0 2 0 0 0 5 1 2 0 1 2 3 4 1 2 0 0 1 1 2 1 1 3 3 2
0 1 5 5 1 12 7 1 5 3 2 3 0 0 0 0 2 4 0 15 1 4 0 3 6 0 0 3 2 0 2 2 11 1 2 1 2 2 1 0 1 3 1 3 1 4 2 3 2 0 2 1 8 2 2 0 0 1 4 3 3 3 1 0
5 4 1 1 5 5 1 0 6 2 0 0 4 0 0 0 6 1 3 2 4 2 1 0 2 1 0 2 1 2 1 6 7 1 6 8 4 5 2 2 2 5 2 1 23 1 0 2 3 1 4 0 1 4 1 1 2 2 1 0 0 1 2 3
8 1 1 0 3 1 3 3 2 0 2 0 0 6 0 3 1 5 0 1 3 0 2 1 1 2 2 2 0 1 0 3 2 3 2 2 0 1 0 0 4 0 3 6 1 3 1 1 0 0 2 5 1 3 3 1 1 1 0 1 0 1 5 1
1 1 4 6 0 6 1 1 2 0 1 1 1 2 1 0 0 3 4 0 1 1 2 4 1 4 3 0 7 3 5 0 0 1 4 3 8 2 3 0 8 1 1 1 1 2 3 4 3 2 0 4 0 2 1 0 2 0 2 0 0 0 3 4
2 6 2 5 1 5 2 6 2 1 4 1 4 2 2 5 5 2 8 1 6 0 1 3 3 2 5 1 2 0 0 1 2 0 1 4 2 2 1 2 1 5 3 2 0 2 2 1 1 4 2 5 0 0 0 0 3 2 0 0 3 1 0 0
4 3 0 0 3 0 2 1 0 2 0 0 1 1 1 1 0 6 1 2 0 0 0 5 2 0 2 2 1 1 3 1 0 1 1 0 0 5 0 1 5 4 2 5 1 0 2 2 1 1 2 0 2 2 6 2 1 1 2 0 0 1 1 0
2 1 2 0 2 2 2 0 0 2 1 0 2 0 2 4 6 2 1 2 0 4 2 3 2 2 16 1 1 0 0 3 3 10 7 6 0 1 3 11 3 6 11 6 3 0 4 0 5 8 2 2 1 1 7 3 1 5 3 2 1 0 1 3
5 2 0 0 0 1 0 4 0 2 2 1 4 1 0 3 0 4 2 1 2 3 2 1 1 4 2 2 0 5 1 5 5 1 1 0 7 1 1 7 0 4 1 0 2 0 5 0 3 0 5 2 7 1 2 1 1 1 0 0 8 2 4 1
1 5 1 2 5 4 2 2 1 2 3 3 4 0 1 0 4 3 0 0 2 1 0 5 3 5 3 1 2 6 1 2 3 0 7 0 3 3 0 2 0 4 12 0 2 0 2 0 5 2 1 2 5 2 1 0 1 0 2 2 1 0 5 1
0 2 0 0 0 0 1 0 0 3 2 1 2 1 2 2 2 0 0 1 3 1 2 0 2 0 1 6 0 4 6 3 3 2 0 7 1 5 2 3 3 0 1 1 4 0 2 4 2 0 2 2 7 1 5 1 1 2 0 0 2 1 2 1
7 1 3 10 1 0 0 2 0 2 7 7 5 2 1 3 3 2 1 2 3 2 1 0 1 2 2 0 4 1 1 0 0 3 2 2 0 4 2 8 1 4 1 2 1 2 2 2 2 5 3 1 5 3 2 2 1 5 4 1 0 0 3 0
3 0 3 3 1 0 2 0 0 3 3 2 1 5 3 3 1 1 0 3 5 4 4 3 2 0 7 3 0 1 3 0 3 2 3 0 2 1 0 4 2 2 2 3 3 0 2 1 6 2 3 0 1 0 1 0 2 2 0 0 1 4 6 0
3 4 0 0 1 1 2 5 1 2 2 4 4 0 3 3 2 3 7 1 0 4 2 8 0 0 9 0 0 0 3 2 3 0 2 1 2 2 1 2 2 4 0 1 2 0 3 0 0 3 7 3 0 0 2 2 0 0 1 2 8 2 2 1
0 4 1 2 0 2 4 2 1 5 9 5 4 0 2 1 2 0 3 2 8 0 1 2 4 1 0 4 0 0 1 1 3 2 1 1 0 0 6 0 6 1 0 1 2 2 4 0 0 4 2 5 4 3 2 1 2 0 7 1 6 0 3 3
1 3 5 1 4 0 2 2 5 0 5 1 0 2 1 2 3 1 4 1 2 1 1 4 0 1 1 2 9 2 0 0 3 4 0 0 1 6 2 1 5 6 1 1 0 1 0 4 0 1 2 1 0 1 0 0 3 1 2 3 5 2 5 0
