636 940 38 13 464 27 390 816 496 447 959 766 318 496 531 923 968 66 116 689 725 5 192 151 621 850 32 299 712 1006 744 356 195 803 197 983 399 323 251 1001 767 722 589 991 133 306 130 525 709 758 886 988 526 286 816 492 899 801 990 858 591 1011 291 218
132 1009 293 116 287 904 5 892 941 934 49 895 49 725 631 594 519 567 106 81 347 945 654 940 610 91 760 608 963 379 317 762 834 620 135 601 518 489 438 114 751 811 543 908 186 199 233 477 865 63 306 447 522 129 872 420 874 985 73 145 524 135 980 722
502 286 229 126 647 394 487 277 532 598 255 565 432 722 358 583 379 163 468 179 586 850 730 743 418 723 498 750 691 406 723 511 215 260 369 133 387 527 414 293 597 613 603 833 730 351 584 264 418 186 772 338 301 675 185 662 491 608 757 153 260 680 220 706
239 274 515 545 308 623 659 141 369 165 578 275 810 171 689 574 473 259 879 531 875 737 248 392 857 564 477 630 449 589 362 357 728 524 654 297 351 568 854 320 881 388 858 885 503 682 439 201 297 68 847 151 531 440 793 802 510 199 780 173 807 227 394 349
168 772 747 414 423 537 400 133 451 682 372 571 478 603 488 840 470 548 569 245 820 728 845 557 725 585 584 192 869 512 642 797 634 558 832 451 631 539 846 174 194 411 153 819 310 649 425 307 375 342 659 163 512 624 507 750 270 508 730 589 493 678 863 750
431 664 551 648 271 163 628 369 458 739 529 771 360 834 208 419 443 404 579 821 343 677 181 217 371 714 422 354 782 501 426 693 675 268 826 614 876 700 746 646 324 798 253 910 601 420 572 247 237 278 246 489 804 719 423 616 806 585 476 791 420 215 862 809
431 332 536 743 659 315 744 708 868 607 489 542 680 593 766 702 574 506 272 172 254 395 482 578 714 414 646 219 424 476 737 236 528 542 571 572 234 589 577 750 756 740 239 632 493 877 537 707 755 680 815 551 747 527 548 701 660 902 625 647 733 252 652 755
188 785 134 408 323 516 500 798 426 523 590 328 185 725 488 215 386 558 544 470 361 705 273 290 817 403 444 572 818 544 736 792 919 637 616 526 609 332 700 684 675 761 355 633 422 291 670 544 404 277 473 770 646 369 215 489 220 756 126 295 602 479 779 674
217 187 306 783 306 319 537 565 524 577 485 585 603 216 520 770 397 412 795 520 178 335 297 824 249 657 316 235 191 244 729 694 875 419 596 324 654 441 397 369 441 804 698 529 853 426 693 304 277 249 229 788 500 467 228 611 272 443 123 697 690 564 346 298
732 256 457 698 754 440 210 345 223 654 156 627 200 424 576 329 502 834 845 714 794 413 384 523 271 819 802 601 325 351 437 283 767 384 759 320 885 623 862 288 251 538 555 329 465 794 691 455 273 761 416 273 834 357 626 676 451 415 425 435 815 664 783 914
159 706 554 810 544 276 111 705 217 839 176 809 164 427 781 666 595 315 363 726 696 367 617 429 338 767 698 678 864 305 669 251 263 214 523 587 841 581 289 314 543 800 591 583 498 401 185 728 137 565 256 602 521 446 465 839 724 841 808 581 290 789 808 829
167 474 585 338 325 844 163 475 344 319 723 406 234 465 224 639 486 564 651 791 421 745 327 628 334 667 529 431 738 399 441 241 662 771 837 233 417 843 229 317 319 785 225 591 825 466 175 187 167 751 770 763 833 379 608 868 727 333 387 235 697 188 820 447
211 683 330 174 544 828 148 337 82 309 345 481 694 647 625 396 380 335 482 353 532 735 251 857 424 269 252 277 496 481 418 418 805 725 626 409 336 877 800 688 670 669 672 660 454 652 412 646 331 493 460 627 888 288 494 689 226 747 484 601 825 170 802 136
643 708 406 377 379 384 199 510 339 156 185 420 354 284 559 716 482 551 634 586 386 386 270 280 266 232 520 632 602 370 268 539 842 738 714 630 909 692 579 284 176 466 336 633 417 454 777 475 538 805 451 182 605 496 468 552 347 634 574 313 164 766 544 867
687 555 179 813 336 627 181 427 619 428 660 229 372 731 316 587 818 733 732 637 763 488 305 590 518 727 707 232 652 299 657 633 203 419 784 460 861 625 408 116 291 184 530 583 174 784 379 197 437 141 665 220 357 778 501 304 207 338 265 672 150 874 317 981
523 369 510 513 595 740 369 847 655 550 202 573 188 522 861 757 847 585 320 619 270 865 311 359 408 760 201 294 556 350 737 839 673 322 197 366 624 824 397 375 449 166 647 223 539 187 608 454 244 625 788 755 545 326 600 716 261 171 474 564 548 681 401 752
567 207 494 529 713 318 643 232 302 649 114 229 388 847 613 740 444 505 632 716 197 493 689 133 663 183 596 490 633 511 611 456 798 298 479 842 535 602 817 761 499 197 292 189 644 322 540 688 632 835 338 872 711 405 531 201 790 674 342 534 730 645 807 339
750 205 217 509 549 435 459 341 208 518 339 440 519 517 828 497 591 302 612 580 631 370 215 449 540 661 648 659 174 590 502 471 734 450 571 575 698 513 424 403 792 447 757 843 381 520 278 445 753 559 245 537 643 780 218 243 436 169 604 746 483 626 291 752
189 156 476 676 538 203 424 344 815 782 443 191 160 597 578 625 188 504 565 398 484 687 111 368 266 524 262 409 469 746 460 214 492 784 347 786 796 877 848 226 741 180 323 700 302 442 609 568 482 273 815 271 295 652 717 308 259 543 220 209 688 410 668 916
175 183 307 307 368 474 405 148 715 210 169 551 495 682 317 389 732 526 671 768 809 221 321 350 424 694 769 348 767 334 599 374 808 541 690 650 767 698 666 319 288 380 759 731 317 294 298 223 190 494 289 425 798 658 735 509 467 730 204 158 436 257 519 616
787 406 869 187 588 652 439 808 226 253 188 754 222 205 633 632 357 784 744 243 869 361 292 604 482 802 537 662 379 749 298 719 638 659 439 644 754 878 669 247 546 311 380 651 389 479 601 416 392 266 714 304 725 254 623 365 547 346 590 431 283 359 350 385
706 238 280 203 830 545 515 629 470 769 771 432 176 521 657 510 445 304 757 803 678 243 817 189 717 736 454 865 257 437 701 319 385 173 569 608 223 756 780 480 215 844 459 682 331 602 196 274 373 206 566 779 679 282 756 276 265 600 812 245 720 615 221 121
128 156 134 371 510 814 514 342 565 260 633 620 175 855 147 370 769 580 761 703 693 463 726 350 710 782 745 775 330 732 543 171 394 141 403 130 540 238 574 158 218 808 472 463 411 845 689 797 211 776 291 584 624 117 302 291 413 524 429 293 809 314 831 169
125 532 145 823 637 248 211 321 297 681 697 604 132 241 200 323 761 315 291 275 746 301 209 729 399 868 542 870 590 460 698 753 212 346 363 675 750 323 464 173 579 418 164 325 438 558 298 704 658 622 463 301 673 399 229 518 270 636 656 629 595 603 294 218
856 540 349 417 411 298 518 658 383 760 675 273 438 425 231 431 889 436 704 285 317 446 779 480 614 816 758 580 402 678 517 436 801 836 850 634 460 185 781 289 771 319 676 638 627 433 855 160 906 353 918 597 589 735 235 282 572 180 646 546 575 326 806 864
644 855 296 885 536 264 800 840 295 859 388 192 632 466 233 582 848 785 736 512 827 678 641 648 283 640 254 585 312 384 299 660 871 720 824 635 421 314 714 266 784 195 663 786 446 363 359 370 265 378 857 203 843 169 716 357 793 455 713 849 649 583 929 866
336 689 594 879 679 633 713 469 385 146 780 257 353 666 261 257 332 202 143 545 288 541 535 761 408 249 739 842 387 509 630 590 371 283 336 655 463 809 784 725 857 778 539 565 803 321 651 513 366 192 342 151 405 489 550 169 204 585 372 733 701 703 287 934
367 333 608 578 386 785 577 487 226 127 839 135 731 311 602 363 448 781 299 462 616 307 428 659 247 340 542 861 841 760 788 746 670 345 353 694 648 733 420 538 785 225 698 339 780 364 899 768 267 718 636 306 618 601 679 654 534 584 315 732 178 741 743 329
445 213 784 421 649 283 534 485 440 269 544 569 875 195 718 174 852 312 696 270 866 611 526 524 132 446 257 870 332 821 422 809 442 339 642 772 473 549 215 748 605 710 370 471 820 440 683 678 773 640 536 184 521 655 248 901 259 786 641 848 379 210 123 236
657 691 343 155 446 245 265 265 656 131 627 229 241 212 429 354 456 592 433 287 586 312 334 852 260 667 262 272 478 581 339 266 844 347 609 545 412 893 367 871 746 285 482 642 331 744 373 510 743 504 403 370 477 528 249 320 791 732 308 220 431 437 230 405
561 725 449 283 525 183 700 535 530 358 462 342 515 773 849 604 687 303 479 646 789 812 505 871 426 702 841 717 660 447 588 306 669 651 312 575 629 471 696 805 853 441 652 815 336 651 364 282 338 506 830 735 323 316 531 570 630 428 400 550 657 430 453 110
908 419 638 782 346 289 830 202 221 280 228 228 279 789 372 826 166 182 630 554 509 639 858 811 865 464 185 731 362 788 381 581 256 305 700 694 716 265 469 866 323 824 635 444 491 658 273 707 367 633 431 375 519 603 800 759 184 638 190 198 618 299 696 304
668 717 327 636 713 156 713 91 802 327 527 531 169 498 394 849 171 469 289 786 821 201 530 288 621 163 148 766 120 614 167 633 512 662 862 568 266 498 705 160 750 483 205 734 189 281 193 217 136 402 181 401 386 655 503 235 642 792 349 751 377 427 551 561
329 688 635 510 494 110 578 227 462 300 747 641 227 523 611 736 540 759 503 642 538 746 310 316 370 372 179 765 261 292 728 641 461 752 441 598 594 660 533 154 411 616 710 277 388 187 559 176 167 795 733 340 587 699 841 457 360 698 513 804 736 430 538 155
548 444 308 356 864 653 850 420 796 551 899 585 563 185 484 546 491 840 145 723 248 543 189 760 233 383 350 885 348 754 654 689 250 192 233 695 210 697 596 700 672 348 574 709 430 385 544 603 827 733 760 554 442 503 740 753 457 846 363 545 906 685 782 696
172 752 239 623 292 844 772 747 705 554 672 381 716 577 703 425 765 492 334 681 395 561 376 862 327 410 269 748 218 206 770 350 679 407 710 747 288 861 393 241 719 528 484 701 712 768 867 563 492 737 762 194 445 596 669 311 632 298 848 406 622 314 194 170
459 676 445 199 767 812 615 571 218 852 721 232 444 399 450 146 295 184 223 345 716 791 197 293 510 560 207 608 381 495 504 822 602 280 360 813 236 281 493 264 267 277 128 275 384 735 576 382 449 644 279 353 786 466 628 272 320 749 634 544 520 747 674 312
165 233 793 424 863 762 556 629 693 508 799 783 600 752 317 813 580 635 471 815 364 193 330 296 762 284 137 192 349 807 405 444 478 221 815 248 803 530 293 748 386 603 123 591 478 837 782 445 574 332 431 658 724 612 347 577 335 300 631 221 918 384 693 458
466 744 800 759 610 372 593 840 167 777 247 926 661 818 635 411 511 561 581 904 602 464 449 748 182 766 440 415 560 428 795 484 897 817 927 617 740 289 535 299 606 495 213 306 598 528 249 644 335 401 786 735 346 318 558 581 698 364 838 557 674 282 685 380
230 388 356 652 278 170 551 344 467 596 273 498 527 422 917 611 858 863 884 785 618 420 477 820 382 364 352 328 241 480 545 464 665 145 754 303 797 339 824 394 545 285 551 595 601 235 741 596 402 224 632 872 746 418 795 675 844 186 756 416 215 345 521 133
625 738 179 466 320 234 585 414 705 252 720 585 719 442 873 613 361 577 835 658 459 753 456 452 403 518 663 577 504 778 359 250 578 161 765 432 598 157 561 543 754 807 852 880 622 595 799 563 212 344 586 799 258 747 606 717 238 143 664 355 366 424 628 220
417 510 690 482 261 259 150 540 366 502 763 453 225 393 242 593 608 689 928 507 862 535 723 565 695 747 251 795 194 291 242 617 447 149 714 782 562 369 695 535 619 574 832 406 657 448 706 520 235 192 711 592 906 331 803 539 601 183 693 335 483 865 655 906
329 487 657 785 366 627 312 288 568 677 330 852 128 186 771 421 901 212 733 223 417 588 356 397 225 472 291 635 522 355 261 561 579 325 611 533 734 203 497 494 410 378 605 484 395 321 445 698 473 401 553 749 636 310 737 342 658 601 605 588 779 720 889 942
419 405 558 634 649 534 458 747 280 533 317 697 185 597 655 743 680 421 326 292 608 410 423 763 761 781 189 653 631 772 727 504 228 514 547 233 297 661 370 446 406 670 443 193 347 737 661 578 854 684 659 555 465 379 473 736 630 507 817 867 649 776 338 512
515 651 751 900 584 685 225 204 496 692 370 523 751 614 782 484 535 418 225 495 494 684 828 458 786 830 856 810 692 708 522 719 434 532 741 662 861 401 177 804 192 275 731 543 796 671 657 703 343 455 354 816 468 471 444 770 491 759 517 193 583 402 570 344
247 499 215 507 642 474 373 376 598 686 807 542 664 780 265 629 521 543 422 208 333 614 611 731 353 754 597 823 327 454 476 851 745 574 496 886 647 731 603 584 314 188 312 282 492 217 435 776 197 385 246 450 747 459 490 689 323 259 630 395 251 141 365 513
202 332 131 614 236 592 788 232 570 273 452 282 688 429 838 258 688 668 428 851 768 561 526 493 476 400 573 832 213 764 755 875 774 792 261 788 835 326 861 533 513 809 608 702 789 715 579 724 610 391 447 704 247 651 290 846 808 339 480 329 338 186 408 159
260 560 337 411 364 349 859 450 705 737 827 600 323 418 589 755 731 894 885 824 912 458 606 288 272 380 95 657 263 546 243 706 301 868 205 441 593 283 597 692 526 484 807 446 526 473 315 304 813 513 284 470 637 671 567 546 519 649 875 539 667 456 386 330
483 506 403 650 275 808 786 341 652 645 475 512 541 609 292 459 406 256 516 420 745 516 577 848 247 782 127 538 583 573 340 777 807 541 319 321 437 567 278 302 142 279 228 636 210 439 334 621 474 343 408 553 788 803 808 286 219 780 891 499 882 777 599 420
428 375 651 698 466 819 616 228 171 216 346 621 560 213 801 357 737 241 668 672 184 528 464 283 244 485 359 781 290 336 168 632 515 797 810 203 428 266 569 838 139 798 673 209 775 324 329 794 550 555 881 789 898 884 633 295 686 251 747 493 339 340 876 569
130 497 336 457 257 347 202 230 100 543 102 322 580 483 303 127 545 635 263 871 362 843 500 235 735 724 517 213 447 752 222 274 177 604 824 142 450 182 406 767 314 299 724 208 241 765 337 455 697 247 728 631 251 378 320 418 176 541 420 608 417 262 866 386
749 877 314 441 359 153 549 665 450 565 234 222 196 798 188 174 535 173 499 692 816 390 768 708 236 295 509 381 326 219 161 213 610 795 411 194 198 650 529 525 481 434 160 468 101 676 191 428 218 279 144 738 504 837 590 300 829 504 447 178 410 401 686 717
230 666 333 643 280 717 673 803 219 623 351 400 246 617 398 193 567 707 256 406 489 607 195 862 439 828 475 403 224 546 732 702 368 710 689 176 648 563 367 569 223 538 80 146 85 341 572 595 388 745 455 729 484 564 713 464 244 502 654 763 610 558 352 901
687 826 844 859 696 594 228 820 533 721 285 279 522 489 515 521 512 290 678 612 474 601 524 570 788 721 427 205 465 865 698 652 785 190 713 485 754 858 839 675 700 419 318 355 423 157 519 185 283 554 179 206 496 542 527 536 514 359 863 374 411 769 402 323
303 439 662 287 504 497 722 405 601 243 554 245 734 815 776 732 837 619 751 352 710 300 712 588 696 878 301 627 261 603 534 656 230 356 747 808 911 373 618 573 372 813 580 246 418 273 179 715 276 805 579 767 610 793 486 246 818 353 369 414 832 564 654 713
294 641 786 509 208 496 455 126 774 805 570 802 768 350 877 270 611 285 782 520 682 337 762 734 767 678 818 737 339 559 239 484 484 771 574 357 830 804 584 296 724 814 762 633 631 720 741 625 447 266 222 812 841 493 887 286 395 405 362 475 361 537 783 285
372 612 885 361 732 110 742 125 347 481 504 728 699 239 389 593 444 593 549 400 418 417 697 365 242 769 270 682 445 676 449 237 217 204 277 264 467 146 355 315 666 713 807 599 895 701 426 620 141 826 336 891 829 291 686 654 248 690 185 616 843 615 845 421
350 545 772 342 800 303 284 581 659 315 586 513 534 488 439 272 315 449 274 251 252 788 709 373 563 351 408 805 781 227 600 193 778 306 219 589 579 373 445 269 438 682 814 653 767 733 865 677 516 542 431 735 523 435 816 664 819 550 145 642 312 610 335 350
242 439 565 232 344 768 159 700 602 369 533 195 265 244 572 263 839 593 396 575 522 682 442 793 478 505 837 672 848 215 533 791 312 289 825 341 530 446 504 685 558 587 303 207 329 789 306 682 731 335 317 619 289 274 599 712 578 187 569 417 455 603 858 492
508 354 620 331 396 823 626 242 791 193 711 170 714 261 505 488 454 396 239 316 517 740 777 731 227 278 314 826 543 668 292 731 392 556 243 847 689 599 576 345 247 716 658 410 658 321 544 264 596 832 603 674 776 718 212 393 545 812 368 193 826 767 668 638
477 853 568 873 210 669 421 672 288 489 371 850 720 877 611 599 271 728 161 187 639 495 643 789 424 546 192 534 117 329 568 287 750 860 665 368 420 340 319 300 202 384 679 693 226 305 468 474 553 771 462 532 243 295 284 677 634 746 341 304 737 589 458 591
671 715 676 561 306 364 244 581 739 369 464 886 745 849 851 665 569 453 384 663 165 421 352 472 471 754 690 805 372 745 199 725 455 422 829 806 205 615 299 606 518 522 687 538 187 306 478 600 784 259 580 428 256 601 409 352 563 742 794 408 358 351 128 282
800 260 198 581 384 793 333 567 344 191 304 693 910 324 800 708 449 319 840 854 764 839 211 207 185 143 504 423 661 513 688 774 630 544 585 657 239 566 441 704 185 349 689 653 468 485 409 306 848 575 365 224 226 573 666 290 366 631 480 411 204 569 196 203
456 256 772 285 269 147 754 421 446 201 631 627 908 674 755 314 657 613 341 761 275 508 102 377 437 358 303 472 795 293 231 352 840 406 521 439 332 749 837 805 757 538 709 589 889 319 827 537 810 884 502 659 751 319 727 512 322 315 829 201 717 562 386 295
