548 816 135 116 411 136 392 733 531 533 818 731 377 567 542 804 839 207 227 565 610 126 295 237 540 722 184 415 669 865 682 462 262 771 225 891 374 434 318 875 707 765 569 900 175 381 191 510 674 715 816 860 578 350 801 501 887 774 907 821 594 877 347 304
210 825 285 222 302 750 146 821 775 871 185 843 150 719 567 605 509 494 204 207 387 806 613 813 587 263 700 570 859 452 431 691 676 616 219 583 462 477 450 253 693 776 538 832 253 299 293 425 752 196 416 434 525 238 784 465 796 851 255 282 517 266 823 661
501 284 229 126 647 396 485 280 532 601 250 578 434 725 356 584 378 164 468 182 587 848 730 748 419 720 500 750 691 403 724 512 218 262 372 131 385 526 410 294 596 603 600 829 730 349 584 264 419 186 769 334 303 676 192 661 491 615 752 164 258 680 220 702
242 272 516 546 309 622 657 141 367 167 579 275 810 171 687 573 474 257 883 529 876 737 244 392 853 563 475 626 446 588 361 354 723 530 650 294 350 568 854 320 874 382 858 885 509 674 439 200 302 70 850 149 526 439 790 802 500 201 783 176 806 226 396 345
168 769 750 412 423 536 399 132 451 684 373 566 481 603 490 840 467 547 569 245 820 726 837 555 725 584 582 195 870 512 638 794 636 556 832 450 630 540 845 169 196 407 153 819 310 651 425 307 377 340 664 160 512 622 511 750 272 504 730 590 493 683 859 753
431 660 553 650 271 161 620 364 453 737 526 771 357 833 204 419 444 404 580 820 341 679 184 215 379 717 423 354 782 505 425 686 676 269 827 615 875 699 750 640 322 795 252 910 601 417 572 232 242 274 248 487 801 719 424 616 805 584 477 792 421 214 864 808
428 329 540 743 657 315 741 706 873 608 490 545 682 595 768 704 575 506 272 171 254 397 482 578 712 416 647 217 424 479 735 233 526 543 570 573 235 588 577 751 753 742 240 634 490 876 537 708 751 681 814 551 745 529 557 700 667 904 632 647 732 251 653 757
187 786 137 407 325 514 500 797 419 521 597 329 186 728 488 215 387 557 544 469 359 706 278 290 824 400 444 572 821 544 737 793 920 637 615 527 610 334 703 684 675 759 354 632 416 293 672 541 404 269 471 770 646 368 216 490 221 756 125 296 605 479 779 678
212 187 304 789 306 320 537 566 524 576 485 582 600 217 520 768 396 415 792 522 176 332 296 827 250 660 317 239 189 244 732 689 879 419 598 323 655 440 398 377 441 807 694 527 850 425 691 304 279 248 226 787 506 467 235 611 278 443 123 696 691 567 339 300
736 265 458 697 757 444 210 343 225 654 154 626 202 424 577 329 503 833 847 711 794 413 385 522 271 818 794 600 329 351 435 283 772 384 760 320 883 623 861 288 251 536 553 329 466 795 690 454 273 760 416 278 835 359 624 680 450 414 426 438 813 661 783 915
161 705 552 813 544 274 111 705 217 834 177 808 165 425 781 665 595 314 364 723 693 366 614 428 337 765 700 677 862 304 667 250 261 213 521 589 849 580 292 315 543 800 594 582 497 402 189 732 139 565 250 598 521 446 463 840 725 841 809 582 292 803 810 834
165 483 583 339 323 845 163 475 344 324 721 407 238 465 224 638 486 559 651 790 421 745 327 628 334 668 529 438 744 399 438 234 659 770 833 242 419 839 231 315 325 785 228 590 826 467 175 184 156 751 766 766 834 377 606 868 725 336 388 237 699 188 821 451
211 687 330 178 542 823 147 340 82 309 345 476 692 647 622 396 380 336 481 352 532 742 249 857 424 269 252 273 498 482 408 414 807 735 619 409 332 876 799 689 670 667 671 660 454 652 423 643 329 490 464 629 888 289 486 687 226 747 486 603 824 173 800 139
643 703 406 379 378 382 200 510 336 157 182 420 355 283 557 718 479 550 638 586 384 386 272 280 269 236 522 632 606 370 268 537 831 744 714 633 907 692 577 290 176 465 336 635 421 455 776 486 537 808 450 188 607 492 468 555 350 638 578 313 167 758 549 868
687 559 178 814 331 620 185 427 621 426 658 228 372 733 321 587 818 733 730 637 762 487 306 589 521 728 708 233 651 303 652 636 205 421 780 463 863 628 404 119 290 186 526 585 174 784 379 194 435 146 667 210 355 780 499 303 205 338 259 677 146 876 322 986
523 367 508 510 584 734 369 843 657 548 202 575 190 522 861 759 846 586 322 616 272 860 311 357 405 763 201 294 556 356 737 838 677 322 200 366 626 828 397 373 451 164 643 223 543 189 605 450 244 628 784 759 545 326 602 714 261 170 475 565 550 678 398 750
570 208 495 529 715 318 638 231 304 648 113 226 385 844 614 740 444 505 629 719 198 496 688 133 661 183 596 488 630 511 603 458 797 298 478 844 537 601 816 760 494 197 297 192 644 322 537 687 633 835 338 870 710 404 530 201 789 679 342 533 732 646 805 341
746 206 220 508 551 435 460 343 209 515 337 440 519 516 834 499 593 302 612 582 628 371 218 447 542 660 650 661 174 591 502 472 734 450 572 574 698 513 424 403 791 450 757 836 381 520 279 445 754 553 246 534 645 782 216 245 436 167 609 753 485 630 289 750
198 161 474 679 540 203 424 349 816 785 443 190 162 596 581 625 190 501 561 395 483 687 105 374 269 524 263 413 465 744 457 217 491 780 347 788 796 874 850 226 740 178 326 697 302 446 609 565 483 273 811 272 293 647 726 308 264 544 215 210 689 412 668 921
182 183 305 311 374 471 409 148 716 210 172 551 494 681 317 389 731 527 669 770 812 221 326 350 422 692 770 343 767 332 601 371 812 542 688 652 765 704 669 318 288 380 757 730 320 290 300 224 191 494 292 425 797 658 735 509 464 731 204 155 439 258 527 616
778 396 865 186 588 655 439 808 226 249 183 754 226 205 633 631 357 782 746 239 869 361 296 605 482 802 539 661 380 753 298 712 639 658 437 644 754 874 669 249 546 307 380 653 394 477 601 416 394 266 713 305 724 255 624 367 548 346 591 430 279 359 351 387
724 249 279 204 837 545 515 628 470 770 771 434 178 520 658 509 439 304 751 799 678 238 812 190 717 736 453 865 258 438 701 321 385 180 569 612 223 763 777 482 217 844 463 682 332 598 191 258 372 201 563 775 680 280 760 276 265 599 811 248 722 616 233 120
126 155 134 370 510 816 506 343 566 263 624 619 178 847 152 372 770 580 757 688 693 461 727 350 716 777 744 774 331 733 543 169 397 143 402 133 540 242 575 155 218 803 472 462 410 840 687 793 209 774 298 579 625 116 299 287 414 525 429 296 804 318 832 170
139 537 150 820 637 250 213 324 294 683 702 599 126 241 200 324 767 315 293 275 747 301 213 726 398 870 542 870 591 458 697 754 205 345 358 679 751 322 462 173 579 418 162 325 439 557 289 685 645 624 461 301 668 395 232 518 266 635 655 623 596 605 291 219
855 541 349 416 412 299 517 662 384 759 673 272 441 426 224 430 887 434 702 286 316 441 776 479 611 816 755 580 397 680 517 438 799 835 849 633 457 185 780 289 770 320 675 636 624 434 852 161 909 354 917 592 589 736 228 280 570 183 643 542 574 328 799 863
646 854 294 886 537 265 799 841 295 849 386 189 630 465 233 585 848 789 738 512 829 675 646 648 283 636 259 585 317 382 301 660 868 723 819 638 418 304 716 266 784 195 662 786 446 359 362 368 267 379 853 204 838 172 712 356 789 454 715 851 647 582 928 878
335 685 594 877 681 634 714 467 386 155 778 255 352 661 261 257 333 202 144 545 292 539 533 768 407 251 736 841 387 510 626 596 373 284 340 654 463 806 786 725 857 773 539 565 802 322 647 514 366 195 342 150 409 498 554 166 207 583 373 732 699 702 289 921
365 333 604 592 384 781 579 489 229 128 839 134 728 310 604 362 452 777 299 461 616 309 433 659 247 338 548 861 842 762 786 748 673 345 346 689 651 733 425 537 792 221 699 340 782 365 889 769 259 716 634 308 615 604 680 648 534 582 315 734 178 735 746 325
451 214 785 422 644 285 535 492 443 269 547 573 875 196 722 175 851 308 695 269 868 612 523 523 135 448 260 869 335 828 423 818 446 332 643 774 473 549 218 748 604 710 370 470 819 440 678 678 773 638 537 187 524 660 247 906 258 779 638 850 380 211 121 236
658 694 348 156 453 245 265 265 656 135 628 229 241 210 429 352 454 591 432 284 586 312 336 850 259 670 262 273 469 586 339 268 842 348 609 545 412 893 374 871 746 286 481 643 331 741 369 515 744 504 406 369 476 526 249 323 793 729 302 223 436 436 227 405
558 726 444 283 526 184 700 533 529 356 462 342 519 773 847 609 682 302 479 645 789 806 503 871 434 708 837 715 667 445 585 312 671 652 312 575 627 476 695 804 850 438 650 818 336 649 365 283 339 508 828 734 328 315 534 571 625 429 391 551 656 432 451 110
908 419 634 782 343 289 840 204 229 280 231 228 283 789 375 826 165 183 630 552 509 644 857 810 867 473 182 731 360 788 383 583 258 306 700 694 716 267 467 868 325 829 633 444 495 660 273 712 370 628 431 374 523 603 799 759 189 637 192 203 622 299 697 306
670 719 327 637 711 153 710 92 801 329 531 529 167 504 396 852 168 466 287 783 820 207 528 288 619 172 154 773 119 613 168 633 512 664 862 568 266 500 701 161 752 486 206 735 190 283 196 215 141 404 179 401 385 655 504 234 644 792 349 749 375 426 550 561
329 692 635 510 499 114 579 225 460 300 747 641 230 522 609 735 540 759 505 639 546 746 315 316 372 372 180 768 254 294 728 643 469 750 445 597 594 665 532 159 410 618 710 277 386 189 559 173 172 796 734 340 584 696 840 459 363 696 511 804 735 428 534 152
549 444 308 353 861 647 849 424 795 551 899 585 555 186 479 545 487 837 148 721 247 542 185 761 233 383 350 882 351 756 651 693 249 192 233 695 210 695 597 699 671 348 574 714 424 384 544 603 826 734 760 553 440 503 740 755 453 844 358 548 904 692 779 695
173 752 241 620 294 844 773 746 702 554 668 381 714 575 707 426 758 499 330 683 397 562 380 862 327 413 268 749 218 210 777 348 676 411 703 748 287 863 390 240 726 525 470 701 709 768 867 563 498 738 763 194 443 597 669 314 632 300 850 413 622 317 201 172
456 678 444 199 764 812 613 571 218 853 717 231 446 401 452 146 298 189 223 347 713 797 196 291 513 564 207 609 379 495 503 821 605 284 360 823 237 280 493 264 267 281 129 275 387 732 576 382 452 644 282 354 785 464 625 273 319 750 629 542 522 747 677 309
167 227 790 422 864 759 564 629 700 507 799 776 598 749 316 811 578 635 470 815 363 195 328 296 761 284 136 192 342 807 407 447 472 232 805 248 800 530 293 750 392 603 123 588 481 837 785 447 581 332 429 658 725 613 347 577 340 301 641 221 917 385 694 457
467 748 805 761 604 380 591 840 166 775 245 924 660 820 632 412 508 566 578 904 598 463 448 752 183 763 441 413 562 430 795 482 892 810 927 620 735 289 535 302 605 496 214 308 598 527 251 643 335 401 789 735 348 319 560 585 695 366 836 555 686 280 690 377
231 390 357 649 282 171 552 346 467 594 272 500 527 424 918 611 858 859 886 789 615 417 478 823 382 366 354 328 244 481 549 467 669 146 754 306 799 338 826 394 542 275 547 593 599 234 736 596 400 226 636 869 747 421 793 673 845 186 759 417 213 344 528 134
625 737 179 466 320 237 591 413 710 250 721 585 718 444 870 613 361 578 836 659 455 754 455 450 404 515 659 576 504 778 360 247 580 164 765 431 598 158 561 538 755 804 849 881 617 593 802 563 211 343 586 802 253 750 608 721 238 144 665 357 363 425 630 218
418 509 688 479 264 260 148 540 365 500 765 453 228 394 241 596 606 689 926 511 861 535 728 563 692 749 251 799 193 291 240 617 448 147 711 779 562 370 695 538 621 575 825 408 660 449 711 522 231 196 709 594 904 322 797 540 602 184 690 332 483 862 654 898
328 487 657 782 363 627 311 287 564 675 330 850 131 188 764 426 902 215 731 226 417 587 357 400 225 474 293 633 520 350 259 558 577 327 617 533 739 201 497 497 413 377 608 483 394 318 451 699 476 398 555 749 636 307 737 339 658 598 607 583 779 720 889 942
425 409 558 636 647 534 458 744 280 534 316 697 185 597 661 738 680 422 329 292 608 413 424 764 762 779 188 652 631 771 728 505 228 513 554 231 298 660 371 449 405 669 442 193 347 734 661 578 852 684 659 557 466 379 473 734 630 508 816 863 648 774 339 505
513 649 745 895 582 686 225 205 496 690 365 523 747 613 773 481 535 418 223 493 492 685 830 456 783 832 855 809 687 708 524 719 434 530 739 660 859 401 178 804 192 275 733 544 796 673 660 703 349 457 355 814 466 474 442 770 492 761 519 194 587 403 570 344
255 501 216 507 642 473 374 376 598 691 809 543 664 785 267 631 520 540 422 199 334 614 612 734 349 757 598 824 327 454 477 851 746 573 500 887 649 730 610 584 314 183 316 277 492 209 442 779 200 386 245 450 748 465 489 694 324 258 631 397 252 141 365 521
199 330 130 614 238 592 788 230 572 277 452 280 690 431 839 258 687 666 425 851 770 557 528 493 476 405 573 840 211 766 756 877 774 792 266 786 842 326 861 530 511 807 605 698 789 711 576 728 614 389 448 704 255 649 288 845 810 341 482 325 339 185 409 160
257 563 337 416 360 346 859 449 703 735 824 599 320 420 587 751 729 889 884 825 912 459 606 288 275 384 96 655 263 547 249 703 301 864 204 441 593 282 610 692 533 482 808 448 527 475 316 305 812 513 284 471 637 671 565 547 522 649 873 540 666 458 386 328
484 507 401 646 278 804 783 339 655 653 475 515 541 609 296 455 409 262 516 422 745 515 578 848 246 782 127 536 584 572 333 777 802 544 321 322 437 567 277 302 144 279 228 636 215 440 336 621 473 341 405 549 787 801 808 286 218 781 893 498 883 774 596 418
428 376 656 693 465 807 623 229 176 219 348 624 560 213 801 357 735 237 668 687 185 532 464 286 250 485 359 784 288 336 170 634 526 798 812 204 426 268 570 838 138 801 672 212 776 320 331 797 548 555 879 788 906 886 635 295 686 250 743 496 336 343 875 569
125 493 335 456 262 342 203 230 94 545 102 322 584 483 303 127 551 636 260 869 358 845 499 235 733 723 517 215 448 754 223 280 184 605 830 134 446 177 408 769 312 304 726 209 264 766 337 453 700 246 732 631 250 374 319 417 178 543 421 608 417 263 868 389
757 878 315 441 356 154 552 662 448 565 232 222 196 792 188 171 536 178 499 693 819 390 766 707 237 297 507 383 326 220 161 210 608 792 409 192 198 649 529 525 477 434 163 462 102 673 192 429 218 279 146 733 503 834 587 301 828 503 447 177 410 402 681 718
231 665 337 637 280 711 672 804 221 623 352 401 247 619 399 193 567 704 260 406 488 606 197 858 440 824 472 403 217 549 727 702 368 709 685 179 640 561 370 569 231 539 81 147 86 343 575 599 391 747 455 733 484 562 714 464 246 502 652 763 610 558 355 897
685 820 842 854 697 589 226 826 531 720 281 280 518 487 513 516 507 288 670 613 468 601 523 573 785 723 432 206 463 865 698 653 783 190 712 489 756 860 838 677 699 424 315 353 423 159 521 184 282 550 181 201 496 542 527 536 511 361 863 374 408 770 402 323
299 442 662 287 507 497 720 406 601 245 554 245 733 816 775 733 837 625 752 354 710 300 712 593 694 878 299 625 260 602 537 655 230 355 746 808 911 378 618 574 367 809 578 251 417 273 181 717 275 804 581 767 612 795 480 248 817 354 371 414 832 565 655 713
292 640 784 509 206 498 453 126 774 803 569 802 770 350 879 274 605 287 781 518 682 333 764 731 765 680 802 736 340 559 239 481 487 781 581 363 830 803 581 285 721 808 751 627 628 720 737 625 452 274 224 814 840 492 880 289 396 410 365 473 362 537 784 288
377 614 885 361 732 109 742 129 347 483 506 729 695 240 389 590 444 589 547 399 416 414 699 366 241 773 272 684 445 681 450 232 212 203 278 264 474 147 354 322 666 717 806 599 893 701 421 620 138 826 331 889 836 292 684 655 249 691 185 616 835 617 841 420
349 550 773 340 805 299 282 583 660 313 589 510 538 488 438 272 311 452 274 251 254 787 709 368 560 356 405 806 779 233 599 191 775 306 226 589 582 370 445 267 438 686 802 653 765 733 867 677 521 544 432 737 528 437 817 664 820 550 147 644 311 610 340 351
242 437 565 232 344 768 160 700 602 372 535 194 267 243 570 265 841 593 396 574 519 681 444 793 476 505 838 678 848 219 539 794 309 291 825 348 529 441 502 688 555 587 304 208 333 789 304 686 733 335 319 621 296 273 604 711 577 189 569 417 453 604 856 491
515 353 623 321 397 823 626 244 791 191 704 163 709 259 506 485 451 394 240 318 520 738 778 731 228 280 316 826 547 669 293 731 392 553 241 845 689 603 578 337 248 720 659 408 657 323 542 262 594 827 600 675 771 715 214 391 546 807 364 194 826 767 665 638
480 853 571 870 209 669 423 672 288 486 374 848 719 872 608 602 272 727 161 184 634 499 647 792 422 546 185 531 117 330 565 287 753 862 668 368 418 341 319 296 204 386 677 696 223 305 470 475 547 773 465 532 242 295 285 677 632 748 341 304 738 585 464 591
668 719 676 561 305 365 246 586 738 367 462 890 749 849 848 668 567 456 391 662 165 417 354 480 471 754 681 805 372 745 202 723 458 422 827 805 207 613 298 608 516 518 687 537 185 306 475 600 784 262 573 431 256 601 411 350 563 742 795 410 366 353 130 283
800 256 199 579 384 791 337 565 345 196 313 688 906 324 798 709 447 319 837 852 756 839 210 205 181 144 504 427 661 513 687 775 627 542 584 656 239 566 435 704 191 350 689 652 466 483 413 306 848 571 367 229 230 576 664 289 368 631 487 410 198 569 199 200
457 253 777 286 265 147 756 423 441 201 626 628 908 672 754 316 654 612 337 762 273 507 101 373 437 359 302 474 804 295 231 352 843 402 521 439 331 755 835 804 752 532 710 588 889 320 827 541 810 883 500 660 751 318 727 512 319 316 831 204 712 564 391 295
