665 163 716 708 254 752 259 33 624 116 586 462 543 400 511 909 86 529 612 430 653 440 916 682 441 600 773 176 959 755 820 774 953 979 442 805 417 291 789 327 194 664 162 665 216 712 612 890 764 299 619 961 669 1 842 78 709 996 377 966 23 305 988 142
395 321 773 44 180 913 360 678 244 599 75 250 768 482 325 194 493 791 492 485 774 31 345 260 680 723 220 532 454 383 901 259 126 93 436 623 545 676 666 532 425 953 456 950 491 212 11 622 605 645 866 253 426 305 303 499 784 759 921 299 811 739 541 669
649 314 363 416 454 747 573 790 696 584 519 229 696 510 340 405 500 716 737 761 798 487 492 735 511 697 511 481 248 673 258 396 519 238 503 579 470 773 444 659 469 569 602 767 584 535 630 415 412 271 631 326 333 621 656 701 339 473 410 621 794 726 504 350
821 423 555 510 703 593 866 509 756 433 369 280 567 556 605 720 790 446 687 647 509 326 582 290 361 595 440 396 607 618 620 442 504 551 426 816 645 816 384 518 532 321 356 409 630 700 820 530 704 328 591 719 325 905 490 891 409 684 547 807 665 638 483 497
642 804 718 663 806 684 318 479 263 660 579 714 276 334 260 509 571 391 620 194 592 161 345 245 172 330 373 574 811 394 695 577 793 741 604 573 269 322 455 217 435 286 583 398 366 503 332 448 413 678 587 688 414 924 356 919 717 688 477 309 376 371 562 656
788 682 353 831 653 722 596 672 282 313 381 397 646 566 504 551 640 388 744 250 596 410 372 261 478 561 723 708 799 586 505 290 566 481 293 388 283 473 437 519 786 263 756 199 542 452 387 516 679 370 651 742 340 660 283 846 431 638 536 635 644 658 667 573
377 496 431 594 513 332 356 548 514 472 409 269 315 285 483 254 306 606 527 618 590 508 348 719 566 479 453 479 298 691 549 283 571 332 221 193 364 397 690 611 764 404 599 423 478 431 385 215 795 204 658 378 579 515 554 372 575 766 426 798 608 653 608 702
710 619 455 291 678 638 777 341 764 669 494 695 363 557 728 304 507 711 444 862 555 779 355 679 281 401 631 494 681 547 374 654 412 391 649 370 721 355 294 498 312 537 430 472 697 375 369 451 440 464 741 297 452 509 677 559 734 351 369 590 306 575 305 839
615 478 598 412 368 645 445 692 758 310 705 285 710 299 573 368 567 562 428 641 483 585 583 749 264 580 218 318 230 366 232 314 703 348 733 682 573 741 633 489 207 402 396 606 304 280 623 266 392 354 760 388 345 401 225 347 373 319 624 538 193 564 183 668
781 806 506 735 600 409 454 672 379 505 413 631 502 520 749 278 654 722 464 854 281 797 496 307 388 293 297 532 324 469 485 283 539 627 797 404 494 329 426 677 414 542 566 226 520 273 779 651 626 697 767 756 599 743 603 401 346 452 304 378 517 198 614 290
656 345 273 292 451 458 570 782 667 794 346 638 614 333 617 262 565 617 305 727 327 510 575 255 405 351 630 773 326 671 689 528 783 468 645 670 586 447 528 535 392 660 300 431 426 409 521 310 729 656 319 496 414 560 730 506 728 280 357 290 319 349 524 169
520 648 409 407 471 497 623 430 373 790 565 489 358 151 260 300 340 384 452 408 480 676 569 769 598 615 679 411 456 551 645 508 303 623 263 761 579 779 239 732 229 667 140 517 220 458 405 302 797 526 744 556 595 612 462 478 777 375 518 469 218 529 162 266
321 540 619 459 463 651 207 572 186 486 454 205 218 103 355 261 595 462 652 524 498 716 459 417 439 556 650 453 653 524 713 292 296 403 246 332 318 437 294 404 339 638 575 602 356 270 507 364 818 726 643 828 600 740 785 380 740 707 585 473 589 313 346 560
335 231 266 255 483 670 241 361 245 442 571 610 457 294 690 288 718 438 310 691 319 648 465 395 590 297 664 426 704 466 458 444 211 506 280 279 483 560 679 488 633 274 750 597 759 642 527 437 462 521 376 626 492 531 453 515 711 575 424 534 716 326 326 239
241 633 302 467 469 402 485 754 488 573 555 420 737 239 834 172 726 528 335 660 295 821 227 834 495 677 676 239 499 255 330 535 326 569 222 394 397 744 593 749 448 343 684 540 550 491 368 552 362 634 422 563 393 636 679 418 444 427 266 305 446 489 297 377
357 651 709 782 442 503 629 718 412 674 529 644 835 504 821 355 754 571 303 504 271 593 570 612 460 463 644 442 740 411 298 432 422 783 695 754 632 413 622 397 301 254 248 235 382 194 191 446 330 684 509 433 263 783 403 712 279 310 382 144 229 322 525 413
555 407 723 636 379 616 347 679 254 576 492 605 461 713 613 564 420 399 561 731 481 760 741 575 523 500 267 603 390 721 194 733 304 748 775 512 864 656 724 246 403 392 556 399 185 517 242 606 609 545 799 251 643 326 732 517 630 434 508 310 671 640 288 289
600 742 648 602 419 284 409 452 605 577 689 345 381 457 352 664 691 381 593 717 423 406 457 491 492 626 254 369 674 782 694 690 479 607 383 632 496 494 556 629 728 482 371 315 396 722 231 809 523 702 439 556 359 186 680 192 490 273 507 410 764 664 585 253
581 608 826 799 723 621 517 653 662 684 568 440 193 501 186 349 542 589 677 406 357 504 364 602 335 441 563 642 552 414 737 661 577 844 532 629 506 272 271 616 569 605 562 345 527 766 484 820 532 490 411 615 242 265 365 500 293 370 670 266 437 423 688 687
690 553 547 628 348 481 440 407 538 737 467 319 209 243 167 451 478 740 484 495 696 293 274 753 411 801 587 542 506 360 266 361 444 616 794 246 660 192 412 713 623 518 821 439 736 596 518 335 743 523 509 440 334 642 704 444 656 299 445 407 247 445 445 629
773 564 780 196 693 159 570 444 695 715 745 592 520 442 405 579 213 420 406 365 432 289 534 461 622 600 759 300 342 212 496 513 530 380 512 349 561 308 526 352 536 323 389 347 227 602 291 466 810 525 781 513 383 752 651 616 421 644 379 759 356 448 244 477
294 333 667 245 855 225 690 453 527 381 704 287 532 539 648 579 499 606 379 356 700 343 484 534 478 404 327 300 366 555 292 398 646 746 395 673 739 317 761 535 660 242 671 430 499 649 701 462 419 442 386 282 482 485 281 567 381 636 457 658 172 667 142 549
466 271 290 669 414 774 815 700 717 771 333 665 587 499 328 644 388 582 543 709 554 381 669 458 464 545 509 608 503 379 360 400 264 612 557 804 525 757 411 524 388 430 673 337 365 665 554 398 528 309 442 559 328 734 519 589 478 362 426 633 208 437 275 663
557 656 583 726 329 492 620 427 277 365 222 618 323 271 344 275 486 640 382 365 448 201 553 310 556 305 675 775 586 836 287 828 672 738 490 666 629 520 343 555 472 285 630 259 513 717 690 789 369 634 457 383 234 674 308 767 359 485 632 228 722 511 483 865
335 824 519 754 654 498 397 232 172 192 287 372 553 276 288 702 255 677 299 792 694 608 753 448 520 502 359 447 440 702 556 547 493 459 454 544 348 443 610 462 413 338 470 451 501 459 409 390 622 364 463 336 188 652 89 405 215 278 718 332 467 354 518 729
572 664 697 496 395 410 432 328 358 273 362 223 643 722 299 717 201 846 388 827 594 417 460 303 603 262 717 328 575 520 308 694 179 540 242 433 223 426 356 675 310 586 251 500 365 628 230 786 371 670 662 434 581 333 181 355 118 558 349 633 377 328 282 755
369 259 699 447 643 205 583 182 590 160 341 197 291 649 336 553 390 531 717 677 522 505 308 397 379 430 828 426 610 384 187 600 151 235 514 147 405 297 306 668 651 762 493 667 514 478 685 593 428 488 681 248 720 265 416 304 223 671 642 753 425 671 697 862
653 398 707 295 483 433 366 452 804 386 768 541 521 591 651 593 635 588 854 726 617 615 255 698 754 802 832 798 527 775 489 493 493 205 700 461 333 393 319 381 386 251 600 236 477 358 592 308 625 560 724 237 496 496 664 500 724 579 841 535 808 281 630 227
766 740 460 749 609 554 287 289 460 361 488 583 538 668 651 273 857 247 710 619 751 405 356 562 702 805 498 822 438 406 770 620 628 245 790 199 714 413 231 245 468 479 528 375 568 516 408 580 216 299 240 603 349 390 277 314 273 616 579 535 376 337 254 147
422 390 395 482 279 277 488 505 692 353 326 411 346 717 365 359 708 203 858 540 831 571 637 816 593 788 707 365 671 547 783 311 804 293 460 408 513 535 307 370 621 229 770 287 606 488 555 474 222 381 89 645 202 715 373 477 390 729 704 734 406 608 602 206
721 470 499 695 240 662 449 479 482 724 327 424 617 447 613 585 442 496 756 494 636 315 732 319 542 328 332 665 278 657 283 426 542 264 759 650 369 575 308 194 688 155 620 316 461 590 335 660 312 626 203 365 665 719 540 399 659 449 682 494 521 448 556 333
426 469 628 592 777 698 737 768 270 743 503 491 651 245 731 328 830 405 675 495 344 244 547 429 494 312 544 473 321 719 395 803 550 733 612 455 385 746 632 451 559 222 412 537 440 499 494 650 288 702 520 383 531 550 536 708 607 393 765 284 780 599 362 519
612 709 809 517 605 348 308 630 268 617 648 599 796 250 701 235 827 312 408 683 579 527 457 367 400 313 584 460 734 732 341 666 416 510 358 469 599 369 593 455 333 526 211 490 288 357 563 272 296 205 560 226 370 782 666 813 580 418 700 644 512 339 467 388
428 554 484 564 491 216 482 429 498 718 262 627 352 278 622 426 614 272 659 613 505 770 445 395 244 426 562 331 604 739 446 581 571 751 289 728 666 646 543 509 323 278 264 565 350 605 584 609 300 211 560 368 433 257 290 371 565 699 712 607 664 401 688 522
591 659 399 522 651 506 634 742 708 782 284 738 416 632 220 745 242 816 348 770 484 574 510 533 363 642 626 346 565 620 250 414 523 624 355 779 580 554 624 315 521 419 251 603 498 575 347 235 522 307 742 646 734 422 773 400 789 644 460 690 678 426 488 479
613 364 327 236 389 264 551 525 666 677 649 405 682 674 578 377 468 698 523 500 681 597 796 494 797 527 755 233 494 169 232 268 303 644 607 319 397 433 263 470 524 550 235 319 321 210 273 180 576 567 560 431 610 274 527 331 405 728 348 414 737 580 509 530
440 438 279 271 214 457 487 260 753 299 723 291 751 444 303 258 299 238 390 427 543 396 469 439 801 355 513 269 349 217 672 388 571 445 309 409 226 235 444 431 499 196 349 173 719 329 598 627 735 749 688 329 460 571 437 694 619 559 737 713 764 350 379 214
668 275 291 248 335 449 722 749 884 574 793 454 647 621 511 365 705 449 724 752 408 721 176 595 273 652 662 502 523 658 656 550 714 350 597 190 668 426 531 598 741 269 527 347 714 533 645 614 688 305 757 358 780 510 403 540 354 339 552 491 732 471 364 499
404 285 375 456 466 282 278 665 403 472 617 226 692 401 406 298 631 489 748 500 467 341 500 434 476 512 291 461 464 434 785 478 693 199 304 160 372 369 381 404 420 528 272 293 267 313 438 231 559 568 507 777 723 675 336 296 494 197 550 536 664 395 600 535
816 421 707 560 261 519 315 433 694 418 792 188 775 414 439 307 536 231 700 375 378 374 661 661 365 341 551 440 489 583 323 398 561 514 576 347 256 344 421 454 477 677 696 395 431 198 537 140 749 234 589 526 484 458 654 420 654 522 752 535 546 751 801 666
605 514 385 384 658 293 648 461 355 488 342 211 465 120 498 201 334 564 269 319 458 363 312 510 677 324 641 590 266 311 337 299 471 640 739 428 506 724 257 739 464 385 493 343 404 653 571 344 744 648 630 765 351 418 728 289 493 248 324 473 429 373 616 541
506 500 709 687 627 359 345 555 590 354 504 448 724 325 725 524 686 738 420 427 590 166 489 275 420 704 722 600 648 426 522 278 457 652 542 814 333 650 443 844 537 799 638 582 327 380 698 448 867 465 788 772 561 524 499 246 659 455 364 654 302 451 685 709
281 377 480 568 637 258 302 265 634 492 415 637 676 727 618 816 686 769 540 416 701 316 467 262 635 734 408 443 492 745 431 617 396 448 429 425 658 327 360 487 706 771 359 645 492 785 756 734 363 647 445 712 382 755 456 277 744 464 476 654 493 524 737 378
551 231 705 317 329 399 453 733 495 755 728 361 683 308 282 467 375 361 555 515 336 238 423 531 355 565 418 690 342 665 544 743 342 584 648 691 259 755 188 798 428 690 542 671 733 703 768 795 315 658 287 650 685 542 505 270 715 230 331 507 576 325 321 521
387 495 492 350 288 327 230 511 235 527 738 586 728 524 392 282 697 455 372 252 256 332 383 589 231 454 323 608 182 367 372 575 779 640 786 581 358 684 343 373 484 324 374 548 349 481 625 732 221 394 309 578 607 548 704 241 320 290 382 451 219 725 244 749
751 422 577 590 454 538 442 343 317 553 301 543 281 716 347 348 703 549 604 421 545 743 739 837 460 611 450 539 267 247 532 564 387 498 359 684 165 706 158 598 287 352 427 309 604 583 503 584 520 348 497 709 399 678 618 650 415 393 318 363 397 781 348 741
782 305 595 398 505 390 368 347 550 690 550 828 268 525 401 499 499 467 655 356 482 453 813 575 860 370 644 560 484 456 391 781 416 769 245 620 376 684 330 350 415 303 597 302 691 643 477 808 618 700 567 558 662 773 535 794 331 296 394 326 351 319 471 401
249 657 448 283 684 340 796 663 783 776 768 855 593 592 750 302 628 624 327 327 463 276 878 754 874 811 687 842 304 797 240 658 242 425 319 442 695 637 366 463 219 208 512 639 521 797 544 805 719 527 494 477 724 709 737 726 494 717 402 597 711 263 721 668
208 672 452 334 503 261 811 621 597 455 459 754 532 499 469 218 799 371 674 744 332 638 690 742 822 431 506 456 323 610 352 488 398 569 708 340 437 713 327 444 306 420 351 627 434 434 498 274 698 488 499 466 410 660 339 824 458 845 678 696 298 566 311 650
704 521 506 366 714 345 764 512 420 610 484 398 289 549 438 341 541 248 687 567 460 435 815 236 749 272 536 526 530 491 533 365 598 417 690 431 569 364 580 527 203 525 160 541 324 536 653 302 803 371 512 522 354 700 250 402 397 356 450 723 462 321 686 374
844 634 696 359 786 509 622 663 394 681 603 540 727 734 449 449 632 507 635 788 699 704 866 511 709 497 776 310 551 449 394 334 694 508 459 765 535 793 490 568 302 484 551 712 430 494 564 384 600 466 285 607 377 602 681 325 367 240 591 564 624 550 811 380
895 256 846 140 485 404 756 638 609 565 680 781 437 647 764 695 688 580 360 429 462 554 794 316 752 257 323 653 173 487 278 732 737 663 627 415 541 459 753 339 619 702 627 823 654 561 294 381 318 550 180 710 337 622 726 398 695 761 600 776 503 233 562 114
533 205 603 153 358 225 686 423 634 357 540 412 674 297 585 776 761 848 449 517 540 307 400 514 322 474 400 650 289 728 739 450 811 529 531 540 435 319 344 281 637 414 781 657 505 544 247 705 223 475 180 598 436 511 645 400 704 542 644 756 679 261 533 188
599 653 508 462 439 716 474 553 667 503 758 332 437 211 659 514 690 817 408 563 312 380 500 261 653 436 802 570 812 401 763 476 579 737 249 608 250 582 288 363 651 336 376 352 397 470 494 780 238 548 503 566 418 422 810 338 715 544 403 436 365 720 447 660
833 379 528 781 403 750 493 345 413 665 779 585 768 371 789 728 703 864 543 704 558 696 422 465 550 616 333 589 437 260 627 307 617 475 420 469 204 697 292 710 719 508 711 322 551 302 323 764 661 718 664 537 550 501 722 680 512 374 433 377 470 450 304 585
714 291 652 371 516 466 456 601 650 296 555 516 803 780 765 460 689 405 672 755 584 503 626 520 356 446 460 571 201 500 196 625 292 426 552 499 721 780 708 687 435 391 665 572 548 752 531 433 613 469 313 659 399 846 389 704 753 463 570 559 684 281 633 562
874 740 603 647 304 349 551 518 751 606 458 510 717 794 578 773 373 330 611 276 668 357 814 404 812 493 403 468 205 671 542 370 261 630 510 359 354 566 535 801 264 633 570 797 666 737 545 331 223 230 284 334 622 785 760 723 575 704 707 284 333 258 332 221
817 708 687 603 697 643 506 593 614 630 542 592 583 358 688 492 489 267 759 481 717 307 874 248 750 220 434 399 454 499 271 506 560 594 741 296 399 529 281 704 530 828 492 775 548 573 604 433 257 414 300 525 366 303 559 339 455 737 419 549 670 543 272 470
508 771 852 540 853 740 717 353 436 323 452 745 795 622 885 703 852 492 912 462 858 603 404 382 774 156 785 293 321 565 586 598 666 553 289 275 202 442 250 653 182 423 345 703 547 702 523 673 263 274 341 329 278 340 286 358 352 302 503 694 536 462 559 466
680 393 567 362 669 608 609 640 679 573 582 451 371 625 484 398 697 491 650 757 843 680 690 349 612 485 794 395 609 479 455 319 613 670 216 809 381 829 427 698 334 505 310 546 527 805 400 457 409 525 487 557 301 413 233 405 534 404 786 294 701 589 797 795
841 447 509 584 447 770 805 577 755 491 364 571 398 604 406 594 504 689 638 538 611 680 732 328 470 575 716 533 515 546 703 252 520 602 307 442 559 604 451 553 573 495 603 697 539 838 496 775 664 358 463 319 532 258 650 458 396 331 750 136 686 379 520 861
689 816 313 606 466 560 751 484 748 759 294 816 273 567 416 313 566 390 631 709 424 808 309 797 226 792 407 711 397 328 717 427 614 599 537 368 346 491 471 305 326 313 238 548 525 489 562 532 698 570 429 219 665 212 725 264 706 462 442 225 615 423 480 400
716 653 716 633 755 377 792 696 528 780 374 664 718 562 799 552 567 654 706 806 677 742 579 784 498 486 261 366 257 590 730 559 497 444 675 323 378 702 262 619 408 470 293 444 661 269 533 226 497 462 564 481 393 428 734 631 362 765 454 555 451 321 222 139
916 842 829 623 678 282 545 637 495 389 408 500 386 443 732 715 403 785 373 878 782 721 828 800 593 459 237 269 446 479 635 803 705 734 405 463 588 420 632 819 253 704 228 356 184 312 249 247 585 548 221 521 216 656 723 391 623 443 294 214 394 183 411 48
