662 325 635 610 324 635 316 183 542 177 568 396 545 484 450 749 248 574 538 446 683 460 784 615 565 551 733 342 886 650 852 773 829 892 511 743 481 387 634 390 293 624 189 678 276 717 553 756 710 499 653 687 679 174 774 232 683 835 387 842 257 396 701 196
502 319 618 286 307 727 341 614 319 489 295 333 603 440 409 396 440 659 535 484 691 224 508 381 582 620 405 514 541 447 742 372 387 329 445 593 533 612 595 570 440 822 410 805 408 452 258 588 584 572 736 362 510 327 470 470 699 672 756 510 700 621 581 563
648 320 363 418 454 746 573 791 695 584 514 230 696 508 340 403 498 715 738 760 796 487 493 740 511 698 511 484 248 673 259 392 520 236 503 579 468 773 445 655 470 565 600 769 582 534 627 415 413 271 631 322 334 610 656 699 340 470 416 620 794 725 506 350
820 427 556 509 700 593 869 509 747 430 369 282 567 554 604 721 787 446 688 654 509 329 583 290 359 598 442 397 607 619 620 441 502 550 426 816 644 816 379 520 532 323 356 410 631 701 821 528 702 332 588 718 322 904 492 887 410 684 550 807 666 635 483 493
640 802 720 661 809 684 321 478 263 660 579 714 273 336 258 510 569 394 620 195 592 161 347 248 174 329 375 575 811 394 697 580 794 737 604 572 267 326 454 216 434 286 577 398 365 503 333 448 415 679 589 688 412 924 357 917 718 688 476 307 374 372 562 656
785 683 352 832 655 719 594 674 278 312 381 394 643 561 505 554 640 387 743 254 596 413 370 261 477 560 721 707 800 588 504 289 566 484 292 390 285 473 437 519 785 266 753 198 544 453 387 516 678 365 648 742 340 659 278 846 433 638 535 634 643 657 667 573
380 496 431 596 509 332 364 549 514 472 409 269 317 289 481 256 305 609 526 615 590 506 346 721 565 480 453 479 300 691 550 286 571 331 224 193 366 398 686 610 762 405 603 422 478 432 382 215 797 205 659 376 578 516 554 373 574 768 428 797 606 651 608 703
712 619 453 292 676 633 781 339 764 671 489 687 360 557 726 303 507 711 444 862 555 779 357 680 283 401 627 494 685 546 372 654 411 391 646 371 722 354 294 497 314 537 432 472 696 374 368 451 440 465 741 296 458 511 677 560 737 352 369 590 308 575 305 837
616 480 598 414 371 648 444 690 760 313 702 285 708 295 573 368 567 563 428 642 483 586 584 747 262 578 219 316 229 367 232 316 705 347 733 682 571 737 631 490 209 402 402 607 307 282 624 260 390 353 755 390 345 405 223 345 373 320 622 539 191 564 180 668
780 811 507 730 599 408 455 668 380 503 413 630 503 516 748 279 653 722 464 853 282 802 497 310 387 293 304 533 324 468 484 280 536 626 794 405 492 329 427 677 416 542 563 230 519 273 779 650 625 699 769 755 598 744 603 401 351 451 304 381 516 201 613 292
651 344 271 293 451 452 570 778 667 795 346 640 613 331 626 261 572 618 305 735 326 509 575 255 406 349 631 772 325 669 690 528 790 467 648 670 587 443 528 532 392 659 300 431 427 409 522 309 730 656 322 499 416 561 729 507 727 282 357 291 318 346 527 166
518 652 408 409 470 495 617 434 379 788 566 488 360 151 260 301 342 385 452 409 480 675 569 766 598 614 678 410 456 553 648 507 303 623 263 764 584 782 238 733 228 669 140 518 219 458 408 302 795 526 744 554 591 607 459 478 777 375 515 467 219 528 159 267
322 542 621 458 466 651 207 573 189 487 460 207 221 106 361 262 597 463 648 523 498 716 459 419 441 553 648 451 652 524 714 292 299 403 247 332 320 441 298 401 334 635 572 602 355 274 505 363 819 727 644 827 599 741 784 380 735 708 583 474 590 313 341 560
336 234 265 255 484 673 236 360 248 441 572 610 459 296 689 287 715 437 312 688 319 644 468 391 587 299 664 427 703 462 460 443 213 506 279 279 484 562 678 488 633 275 750 597 759 643 529 437 463 522 375 626 496 533 455 515 708 576 424 535 717 325 326 239
240 633 304 469 471 403 486 752 487 571 554 416 736 240 832 172 726 528 335 660 295 817 223 834 495 678 676 238 499 255 330 535 326 568 221 393 397 745 593 748 449 345 680 546 554 491 371 552 362 633 424 563 396 635 684 418 443 429 266 304 445 489 299 374
358 649 710 785 441 506 627 723 414 674 530 646 835 504 819 354 754 574 302 505 271 598 568 613 459 464 647 437 746 410 298 432 424 782 691 758 629 416 617 398 300 254 248 241 381 193 192 452 330 685 517 433 270 791 396 712 277 312 381 146 229 318 525 414
555 406 723 637 379 615 347 672 256 576 496 602 462 711 613 564 420 399 562 730 479 759 739 575 526 500 267 603 390 722 200 732 303 747 779 511 860 653 722 248 402 394 556 400 188 516 243 608 612 545 799 253 638 327 729 520 630 435 507 307 666 638 288 281
600 742 648 600 415 290 408 451 605 577 689 343 382 458 353 663 692 381 593 720 424 407 457 490 492 626 253 370 675 783 692 690 479 613 384 631 491 495 554 629 727 484 372 320 394 720 232 810 520 700 439 555 358 186 678 193 489 274 506 410 763 662 570 252
581 608 826 798 721 620 520 654 661 684 569 441 196 503 188 350 544 589 677 405 355 505 365 600 336 440 563 642 551 415 739 662 574 847 532 624 505 271 271 616 569 603 560 349 526 767 484 819 532 484 409 613 242 262 363 498 292 371 668 266 431 422 689 687
689 554 547 634 348 481 438 409 537 733 471 322 206 242 167 449 478 741 485 494 697 293 273 754 414 803 585 541 508 361 267 363 442 621 791 246 660 192 413 711 624 518 821 437 733 595 519 335 741 521 504 439 332 637 703 442 659 299 448 405 247 445 441 633
776 564 777 197 693 159 571 442 696 715 745 594 523 441 402 577 211 421 404 365 431 291 534 463 620 600 759 301 342 214 495 512 530 381 511 351 560 308 526 353 537 323 390 345 228 602 291 466 810 525 781 505 383 751 644 614 424 644 381 756 356 446 236 477
300 334 665 247 856 217 692 441 528 382 705 286 530 539 647 578 499 603 378 360 700 343 484 532 479 407 328 300 368 555 293 397 649 745 394 668 739 318 762 537 660 242 670 430 498 649 699 462 421 441 386 284 482 488 284 566 383 635 457 658 172 666 139 547
466 271 291 672 423 774 813 694 713 771 333 664 585 494 328 639 389 584 542 710 555 381 668 459 464 545 509 608 500 374 361 397 264 609 558 804 526 759 409 523 387 430 675 340 364 669 555 398 527 309 442 559 330 733 518 588 477 363 420 630 205 437 268 663
562 659 583 727 327 493 624 423 279 367 222 620 320 269 344 281 487 639 383 363 447 200 552 310 556 305 675 775 582 836 286 828 673 738 490 663 629 521 343 556 471 287 628 259 516 718 689 790 369 634 458 383 235 675 315 770 361 489 633 228 721 511 478 862
335 826 517 755 652 498 398 232 173 194 286 372 554 276 285 699 255 676 298 795 694 611 753 445 520 501 358 444 442 706 554 548 495 459 462 544 350 443 615 458 413 340 472 451 506 461 411 391 621 362 465 336 194 651 91 407 210 278 704 330 469 355 523 729
568 663 698 498 394 412 428 329 356 275 362 224 641 720 299 717 205 846 389 826 594 416 465 305 599 262 715 329 575 519 310 694 178 543 245 431 220 425 358 675 310 583 247 500 365 629 231 782 369 669 663 434 581 333 179 353 117 557 346 631 376 330 283 754
369 259 700 447 639 204 585 183 579 160 333 195 287 648 334 553 390 531 719 676 522 503 307 394 380 428 831 419 608 388 190 599 152 239 515 146 406 298 304 664 651 762 494 666 512 479 686 596 428 488 680 248 719 267 412 303 217 671 640 757 425 675 695 869
653 396 707 297 485 433 364 452 799 386 765 538 520 590 652 596 635 587 854 727 617 613 257 698 755 800 833 794 529 774 485 494 495 204 700 462 330 393 320 380 385 252 600 237 478 357 591 308 623 560 723 237 500 496 664 501 715 578 841 537 814 279 628 226
765 743 462 748 607 554 288 289 456 363 489 582 534 668 653 272 857 246 709 619 746 405 355 560 701 807 498 822 438 407 770 621 626 245 793 201 719 412 229 245 466 479 524 375 568 515 410 580 220 300 243 603 348 388 278 313 277 615 579 540 377 336 256 147
419 389 398 480 282 273 489 501 692 343 326 412 347 717 363 357 716 200 860 540 832 574 634 815 593 784 708 370 672 541 783 311 802 292 460 408 511 532 307 370 623 229 770 288 606 490 559 474 219 381 89 646 213 714 377 472 394 727 705 735 407 609 603 205
719 471 497 691 240 665 451 482 482 719 327 421 617 447 611 587 445 497 756 495 627 315 734 322 542 328 334 665 276 656 282 430 543 265 760 653 368 579 306 197 688 153 620 316 462 590 336 660 312 626 203 367 665 721 539 401 658 448 681 497 521 446 556 330
426 468 624 594 776 695 735 766 269 741 503 489 648 245 731 328 827 400 676 498 345 242 547 430 495 311 544 475 321 720 396 803 550 732 615 457 384 742 631 452 559 223 414 536 442 500 492 651 288 704 521 383 530 548 535 708 605 395 767 286 781 599 362 520
613 710 811 515 602 346 306 628 270 617 648 599 800 249 703 234 827 312 410 681 578 526 456 367 400 313 582 458 735 732 341 666 418 511 358 469 601 368 595 454 334 526 211 490 285 355 566 273 300 204 560 223 371 783 664 820 577 416 701 642 512 339 463 387
428 556 486 565 491 217 477 426 498 718 262 625 353 275 622 425 613 268 659 612 506 771 444 393 243 422 562 330 603 739 444 581 569 750 289 724 661 646 543 508 323 278 264 563 350 605 583 609 300 209 555 373 429 260 290 371 566 698 712 604 663 401 688 523
590 660 399 523 646 507 633 743 710 781 290 738 425 632 224 743 243 817 350 770 484 574 509 530 355 637 619 348 565 627 250 414 521 626 354 777 580 551 622 317 524 417 249 606 499 577 347 239 518 309 741 647 735 422 773 398 790 644 461 689 680 425 489 481
614 366 328 236 388 264 550 526 666 675 647 403 682 674 575 373 464 695 525 497 680 598 799 494 795 526 758 235 492 169 228 263 302 644 608 320 395 434 261 469 525 550 236 317 316 209 271 179 571 566 561 430 610 271 526 328 404 730 350 414 735 582 511 531
441 437 279 271 214 458 487 262 752 297 722 293 752 443 301 258 301 241 392 429 543 396 466 436 796 352 513 271 348 215 669 388 565 446 310 409 220 235 442 430 499 201 348 176 716 329 593 625 733 748 688 329 460 571 436 694 617 559 733 711 765 350 383 213
668 274 292 248 335 450 726 748 883 573 793 453 643 621 509 365 705 449 722 753 406 722 176 600 271 652 659 503 521 657 655 551 714 354 596 190 665 427 532 600 744 269 527 346 712 531 650 612 688 306 760 357 780 512 404 542 354 339 552 491 732 470 367 499
398 282 374 452 466 279 279 666 402 473 619 223 692 403 411 299 633 490 749 504 467 343 500 436 473 509 292 461 464 436 788 477 690 198 303 164 372 372 381 405 419 530 270 294 266 315 438 229 561 568 508 775 729 675 335 298 493 196 549 539 664 398 600 534
817 419 708 558 265 522 313 434 694 419 790 188 779 409 439 307 539 233 698 375 379 374 659 658 366 338 549 439 489 580 326 397 564 512 574 346 259 343 420 453 476 677 697 395 431 202 537 140 749 233 588 523 485 463 653 420 656 524 750 537 547 747 801 668
605 514 384 385 656 293 648 461 356 488 342 208 471 120 503 200 334 561 270 316 457 367 312 511 677 319 637 589 265 311 340 300 473 641 745 431 505 724 258 739 464 385 494 342 407 652 569 342 742 648 635 763 350 419 731 289 495 250 322 475 428 373 617 541
502 500 708 683 626 360 349 556 590 355 505 447 722 323 724 521 687 737 422 425 590 164 487 277 420 704 719 601 647 426 522 278 455 654 544 814 333 653 442 846 536 797 634 581 329 378 701 447 867 465 788 773 559 520 499 246 659 456 365 654 302 451 685 705
284 379 481 569 640 258 301 258 637 493 416 636 681 725 619 815 687 766 542 414 700 319 469 263 634 734 411 443 493 746 430 616 396 446 429 425 658 323 353 483 707 771 358 645 498 783 755 734 365 645 445 713 383 749 455 276 743 466 476 656 494 526 740 377
552 233 706 318 330 399 457 732 496 755 726 359 682 309 284 465 375 361 556 514 336 238 425 531 358 566 418 689 340 666 543 742 342 583 649 690 259 754 189 792 426 693 542 667 729 702 767 797 316 659 288 651 685 538 505 267 713 232 328 507 569 323 319 520
388 494 494 346 292 329 227 513 236 527 736 587 722 524 391 282 699 455 378 253 254 333 387 591 231 454 328 609 183 369 372 578 782 640 789 581 363 685 345 370 484 326 375 550 348 483 625 730 219 400 309 578 609 551 703 243 318 290 382 451 220 723 242 749
750 426 575 592 455 540 442 343 317 552 302 543 281 715 352 348 706 549 604 418 546 745 739 835 462 611 454 540 268 248 531 567 388 497 359 685 167 706 157 598 287 351 425 309 603 582 503 582 519 351 494 708 400 679 619 651 413 393 318 364 397 783 347 740
803 305 594 400 505 390 363 343 549 691 553 827 260 526 402 497 498 468 656 357 483 450 813 574 859 369 644 561 482 459 388 781 415 770 246 621 380 684 330 352 415 303 599 298 692 639 478 806 617 699 567 557 664 772 531 791 329 295 392 327 349 318 462 401
240 661 451 285 684 340 796 668 782 775 768 855 592 593 748 303 629 623 327 323 461 279 874 751 874 810 695 838 305 795 242 659 242 425 317 442 694 637 368 466 219 208 520 638 519 795 542 804 720 527 496 474 724 710 731 726 493 714 402 592 711 266 716 671
219 672 451 336 503 262 813 622 597 455 459 753 531 500 469 220 796 374 673 745 329 640 692 747 822 430 506 456 321 610 349 489 398 570 708 344 436 715 328 444 305 425 350 626 435 437 497 277 699 487 497 466 414 658 339 822 457 848 677 695 300 564 316 648
706 519 503 365 715 345 764 511 421 610 485 398 292 548 439 336 543 243 687 560 459 433 819 236 750 270 535 526 530 491 533 366 599 415 690 433 568 362 575 524 203 525 161 542 324 536 653 301 802 373 512 524 354 700 253 400 397 354 448 721 458 320 688 375
843 634 696 356 785 510 618 664 387 680 603 539 726 735 448 450 632 506 636 789 700 704 865 516 708 498 778 307 548 450 394 335 693 510 459 759 536 791 491 569 297 485 547 713 428 494 564 384 601 461 287 609 379 602 682 322 367 235 589 562 624 548 809 381
894 255 846 141 480 404 754 642 615 571 681 782 437 646 765 694 686 587 356 431 461 557 794 320 749 257 329 644 174 486 276 731 735 660 625 416 543 460 747 344 619 701 624 822 656 557 291 373 318 552 179 706 339 619 728 398 695 756 601 778 503 232 560 116
536 204 601 150 356 224 683 422 634 358 540 413 675 292 585 777 758 848 450 515 540 307 401 510 324 474 396 648 288 730 732 450 808 529 533 537 439 319 343 282 635 414 781 658 503 541 248 704 224 474 182 598 439 514 643 404 704 543 640 757 675 254 533 190
600 651 507 459 439 717 475 553 667 503 756 331 433 211 657 526 689 814 409 562 311 380 499 265 659 439 800 571 813 401 763 476 581 739 247 606 250 582 289 363 652 336 376 352 396 477 494 781 238 546 504 566 417 424 810 339 716 544 405 434 367 716 448 660
832 381 529 781 403 750 490 347 410 665 778 584 768 364 787 722 702 862 543 704 559 695 422 466 550 616 331 589 435 259 624 309 618 475 419 471 204 696 293 708 718 508 708 322 550 302 321 766 659 718 667 536 548 498 722 680 513 373 432 376 465 451 301 587
712 288 655 371 514 471 458 601 650 294 554 516 802 778 765 459 683 402 671 759 584 507 630 520 358 446 458 571 201 499 195 625 294 427 556 500 720 782 708 688 432 390 667 575 549 750 530 433 611 471 313 659 399 849 390 704 754 461 569 557 687 286 637 563
874 740 602 647 302 351 552 518 751 605 459 510 716 791 576 771 373 329 608 276 668 359 812 404 812 487 402 466 205 673 542 370 263 630 511 358 357 567 535 800 264 628 568 796 667 735 546 332 226 233 285 335 623 787 758 718 574 705 710 292 331 258 335 220
820 706 684 603 689 643 502 594 615 626 542 592 585 355 688 493 485 265 754 482 717 306 881 248 750 222 430 399 454 499 274 507 561 594 738 289 396 529 282 706 532 828 494 777 548 575 605 433 255 414 301 526 371 303 559 334 458 737 419 547 669 544 275 468
510 771 852 539 851 739 714 353 436 324 452 743 798 621 885 703 850 494 907 460 861 605 405 384 775 158 781 292 319 568 586 595 666 553 286 269 202 442 250 654 182 424 345 703 548 701 523 673 262 277 342 331 276 340 286 358 353 302 509 690 540 464 557 470
681 397 569 357 671 609 609 637 676 571 582 452 379 626 484 398 696 493 654 758 843 680 688 349 612 482 791 395 606 478 455 323 612 669 209 811 382 830 428 698 334 505 310 545 528 805 401 454 409 525 486 554 302 413 232 405 533 404 782 294 702 592 801 798
842 457 508 582 448 769 804 578 755 490 366 571 398 604 408 590 504 692 639 538 613 676 736 325 470 568 716 533 515 546 701 255 522 605 307 443 559 605 452 559 574 496 601 701 539 839 496 774 664 359 462 322 531 264 648 459 395 331 748 135 686 378 518 866
689 816 316 606 467 561 752 483 749 762 293 816 276 568 411 318 565 390 629 710 421 806 309 795 225 791 408 711 397 330 715 429 614 601 538 367 346 491 473 304 326 313 239 548 524 490 561 535 698 570 429 218 666 208 725 265 705 460 438 221 616 423 479 398
716 654 716 631 755 374 790 694 528 778 375 664 717 561 801 552 567 654 705 808 675 743 583 785 499 486 263 369 258 590 733 557 497 443 676 322 379 702 263 620 409 470 290 446 659 271 536 226 498 463 562 488 387 425 734 631 361 762 453 556 451 320 222 140
916 841 828 617 678 278 545 636 496 386 410 497 387 443 734 718 402 785 375 879 784 720 828 803 591 460 242 270 447 482 636 804 706 732 405 462 588 421 634 820 253 704 228 354 185 307 252 247 587 551 218 521 210 656 723 391 625 444 294 212 395 182 412 47
