77 19 97 37 99 34 194 140 172 305 51 228 43 81 112 115 53 130 6 51 53 33 13 154 43 293 39 280 36 149 30 11 35 172 18 170 39 1 33 77 125 51 163 25 39 16 34 116 85 269 45 248 12 128 39 198 151 116 134 58 73 240 137 119
16 103 74 68 179 251 53 209 116 220 31 100 56 132 292 2 222 197 22 160 219 194 154 88 68 281 16 171 17 5 169 90 79 271 191 146 35 113 68 77 137 92 266 224 125 237 110 53 122 67 260 154 226 167 13 246 297 14 201 135 149 128 1 0
3 1 0 0 1 1 1 1 2 1 2 3 2 1 1 0 2 0 1 2 1 0 0 1 0 0 5 1 3 2 0 4 0 2 0 1 2 1 1 0 2 3 4 3 2 0 1 0 0 1 1 0 0 0 6 1 6 1 2 0 3 0 1 0
0 1 1 5 0 0 1 1 0 0 2 0 1 1 0 2 0 0 0 0 1 2 2 0 3 0 1 2 5 0 2 0 2 4 3 1 0 1 0 5 1 2 2 2 2 0 1 3 0 2 0 0 2 0 0 2 0 3 1 3 0 2 2 0
0 4 0 9 1 2 0 0 1 3 1 1 2 1 2 1 1 3 0 1 0 0 1 0 2 0 3 3 0 2 3 0 1 1 0 2 1 1 3 0 3 0 7 4 2 0 1 0 5 2 3 1 0 1 5 4 3 2 2 2 1 0 0 0
1 3 0 4 3 1 0 0 1 0 0 0 0 0 0 1 3 2 2 2 1 1 1 2 1 0 2 1 1 0 3 3 1 2 2 3 5 1 1 1 1 2 1 1 3 0 2 0 3 3 1 6 1 0 0 1 1 6 0 6 1 1 3 1
2 1 3 1 1 1 2 1 1 1 2 3 1 1 2 1 3 2 1 0 1 1 9 1 0 0 1 0 2 2 4 0 1 1 1 1 2 3 4 0 1 1 3 0 0 1 0 0 3 0 2 3 1 1 6 1 4 1 1 1 2 0 1 6
0 1 0 1 0 0 1 0 3 5 1 3 4 1 0 0 1 1 0 0 1 0 0 2 0 2 3 0 1 2 0 4 2 1 1 1 3 2 1 1 2 3 2 1 0 0 0 1 3 0 1 3 3 1 0 2 1 6 3 1 0 0 0 1
1 1 4 5 0 4 0 2 4 1 1 0 0 0 1 2 1 0 0 4 2 1 6 2 4 1 4 0 3 1 0 1 0 2 0 1 2 0 0 2 6 0 1 2 1 2 0 1 0 2 1 3 1 2 3 3 0 2 1 7 1 1 0 1
2 0 0 1 2 1 2 1 4 3 2 1 0 1 1 1 0 0 0 7 0 0 3 0 3 0 2 0 1 2 2 1 1 1 1 1 4 1 0 4 2 1 1 1 2 1 0 1 0 2 1 0 1 1 0 1 2 2 6 2 0 1 0 0
4 1 0 1 1 1 1 3 5 0 2 0 1 2 2 0 1 1 1 0 2 5 1 0 2 2 0 2 1 1 0 1 0 2 1 2 0 0 1 1 1 7 3 0 0 1 0 2 1 0 2 3 0 0 0 2 5 1 2 2 2 3 2 2
2 2 1 0 1 0 3 3 0 4 5 1 0 1 2 0 0 0 1 1 2 0 0 1 1 6 2 4 3 3 0 0 3 2 0 1 1 1 0 1 0 2 1 1 2 1 0 0 0 0 1 1 1 1 3 1 1 2 4 0 1 1 7 1
2 1 0 1 4 0 1 1 1 1 2 6 0 2 1 1 0 3 0 1 2 1 3 2 2 1 1 3 2 1 1 2 2 8 1 1 4 1 1 0 1 0 1 0 1 2 2 1 1 0 2 0 1 2 3 0 1 2 2 2 0 2 0 1
1 0 2 3 2 0 1 1 0 0 3 4 1 0 3 3 1 1 1 0 1 0 1 1 3 2 0 1 2 1 0 0 2 1 2 0 2 4 3 0 0 1 1 1 3 2 3 0 0 7 0 6 0 0 0 2 0 3 0 1 1 0 2 1
2 3 0 1 1 0 0 3 1 1 2 6 2 3 0 1 2 3 0 0 1 0 2 3 6 1 0 4 0 0 3 1 2 1 0 2 1 3 4 1 0 1 1 1 1 0 1 5 2 0 1 1 4 2 2 4 0 2 1 1 1 0 1 0
4 7 1 1 2 0 1 5 0 1 5 2 1 1 1 1 1 3 1 1 2 3 1 1 2 1 0 2 1 3 2 1 5 0 0 0 6 1 0 3 0 0 4 3 1 2 1 1 0 0 1 0 1 3 1 1 1 3 1 1 4 0 1 6
0 1 1 0 0 5 0 3 2 0 0 1 0 0 1 0 0 3 2 1 3 2 0 1 0 0 0 1 4 0 3 1 1 2 0 1 0 2 2 1 1 2 4 0 3 1 1 3 1 2 2 0 4 5 1 0 1 2 1 1 0 3 1 1
6 0 2 1 0 0 0 3 3 2 5 0 2 2 2 5 2 1 2 0 2 0 6 0 0 0 0 3 0 0 2 5 0 1 2 1 2 0 1 6 1 0 3 4 1 2 1 4 1 1 3 1 3 4 1 1 1 1 1 0 1 1 3 2
1 0 0 2 1 4 4 1 1 1 1 3 7 1 1 1 0 3 0 3 0 1 1 1 5 0 1 1 1 1 2 1 0 4 1 1 2 2 2 0 3 1 6 1 1 1 5 5 1 0 0 3 4 0 6 2 1 0 3 0 2 2 1 4
3 6 1 2 2 0 3 0 1 1 1 0 0 2 1 1 4 3 2 3 2 3 2 3 0 1 5 2 0 1 0 1 4 2 0 0 0 1 4 2 1 2 4 2 2 1 0 1 0 1 1 0 2 1 2 1 1 2 5 1 0 1 0 1
0 5 1 1 3 0 1 2 1 3 2 1 0 0 0 1 2 3 0 2 0 1 2 1 0 1 2 0 2 1 0 0 0 6 1 0 3 2 2 2 0 2 2 0 1 1 2 3 4 3 3 1 1 4 3 2 0 1 0 1 4 0 1 4
2 0 4 1 4 1 2 0 3 5 2 1 0 2 3 0 0 3 1 5 0 2 2 1 2 1 1 0 5 3 1 2 0 0 0 1 1 2 0 6 0 3 1 3 1 2 2 0 0 0 1 0 3 2 2 0 0 0 2 1 0 2 6 1
2 2 1 0 0 2 0 3 2 4 1 2 1 5 0 2 2 1 1 1 1 2 0 0 0 2 3 2 1 0 2 3 0 1 1 1 0 2 1 4 0 1 2 2 1 2 1 1 5 0 1 2 0 0 3 0 2 2 1 1 3 2 1 1
5 3 2 0 1 1 4 1 1 1 2 1 0 4 4 0 2 5 1 2 0 1 3 0 2 1 1 3 3 0 2 3 1 1 0 0 1 1 0 5 3 1 0 3 0 2 0 0 0 1 3 0 1 6 1 3 1 0 3 2 2 0 0 2
2 1 3 3 2 0 1 1 2 2 0 5 5 2 3 2 1 1 1 2 1 3 3 3 3 1 1 5 3 0 1 1 4 1 1 0 4 1 2 2 1 3 1 6 1 1 1 2 1 4 1 2 3 9 0 2 1 0 2 2 3 2 0 0
2 1 1 1 1 3 0 1 1 0 0 1 1 2 3 0 1 1 0 0 1 0 1 0 5 0 1 1 1 5 3 3 4 0 0 2 5 0 3 1 0 5 3 1 6 1 4 1 3 0 5 1 2 0 2 1 3 6 1 5 3 1 3 1
4 2 1 4 2 3 2 1 2 2 1 2 0 0 2 3 2 0 2 1 3 1 2 0 0 1 1 3 0 3 1 1 1 3 0 1 6 1 0 2 2 2 3 1 2 2 1 1 1 2 4 0 2 2 3 1 3 1 0 4 0 1 2 0
1 2 1 1 1 0 0 1 1 1 0 0 1 2 1 1 3 1 6 3 2 2 0 3 2 3 0 0 1 2 0 3 1 1 1 0 0 1 2 3 0 0 2 3 1 0 4 1 2 1 0 0 1 4 3 3 3 1 3 5 1 0 2 0
0 1 1 1 2 1 3 0 0 1 2 0 2 3 4 8 3 0 2 1 4 0 4 1 0 2 4 2 3 2 2 4 0 2 1 2 1 2 1 2 1 1 0 0 1 0 0 1 0 1 1 3 1 0 2 0 0 0 0 0 1 2 0 2
2 1 0 0 1 2 1 1 0 6 1 3 2 6 1 0 1 0 0 2 1 3 1 2 0 0 0 0 1 1 1 1 0 1 2 1 2 0 1 2 11 1 3 3 1 2 0 2 2 1 2 3 1 2 1 3 1 0 1 1 2 0 0 0
1 0 1 2 0 1 1 1 2 1 3 4 5 0 1 2 2 1 3 2 1 1 0 3 1 0 5 1 1 1 1 3 1 1 5 4 0 1 1 5 2 0 2 2 1 1 2 2 1 0 0 2 0 1 3 1 1 0 1 0 1 1 0 3
0 1 0 1 1 3 0 0 2 3 0 3 1 2 0 3 2 1 2 1 0 6 1 2 5 0 1 1 2 0 5 1 1 2 0 1 2 0 0 1 1 6 3 1 5 0 0 1 1 0 3 0 6 1 3 3 1 2 1 2 1 0 4 1
11 0 1 4 1 1 0 4 1 1 0 0 9 0 2 1 0 1 3 3 3 0 1 5 3 5 3 0 2 1 1 2 0 1 0 1 1 1 2 1 2 3 1 0 5 2 0 1 2 2 0 1 2 1 1 2 0 2 0 2 8 4 5 2
6 0 0 1 1 3 0 1 0 0 0 0 0 0 5 3 2 0 1 1 1 1 5 1 1 1 3 3 2 9 2 4 1 1 1 1 0 1 1 5 0 2 2 0 0 0 4 1 3 7 0 1 4 0 0 1 4 1 0 6 1 1 0 5
1 1 1 0 1 1 0 0 2 0 0 1 1 1 4 0 2 0 2 2 1 2 2 1 1 1 0 1 0 7 2 8 0 2 7 0 2 1 1 4 0 2 1 2 0 0 1 4 1 1 1 1 1 1 1 2 3 0 1 1 0 1 0 8
2 0 2 1 1 2 1 0 1 2 1 1 2 0 0 0 0 0 2 0 0 0 0 0 1 1 3 2 1 6 1 2 3 3 1 1 1 0 0 2 0 0 3 1 2 0 0 4 3 3 3 1 0 1 2 1 1 0 2 3 0 1 2 1
0 2 3 2 1 1 2 4 1 0 3 3 11 1 1 0 1 0 0 1 0 2 3 2 3 5 1 4 3 0 3 1 4 6 0 0 0 1 1 0 7 1 2 3 2 3 1 1 4 1 7 5 7 3 1 0 1 2 3 1 1 3 5 1
0 4 3 1 1 0 1 1 1 2 1 1 1 4 2 3 1 3 1 0 0 0 1 1 0 1 2 0 5 0 0 3 2 1 0 1 0 0 0 0 0 5 3 2 2 1 2 1 1 1 6 2 0 0 1 1 2 2 2 0 3 1 3 2
4 2 1 0 1 3 1 0 1 0 5 2 2 0 1 5 1 4 1 2 1 2 1 1 1 1 1 0 1 1 1 1 1 1 1 2 2 1 1 0 0 2 2 0 4 3 2 2 2 0 2 4 0 2 2 1 4 1 0 3 2 2 4 2
2 2 0 1 1 2 2 2 3 2 3 0 5 1 0 1 0 0 1 0 3 0 0 2 2 2 0 3 3 0 2 1 0 1 0 1 1 0 1 1 1 2 6 0 2 2 2 0 1 2 3 0 1 0 2 3 3 1 3 2 1 1 1 1
2 3 2 2 1 0 1 0 1 1 2 1 0 1 2 6 0 9 2 1 1 4 1 0 2 1 2 0 0 0 0 1 1 1 1 1 1 0 3 1 4 1 0 0 3 2 1 1 1 2 3 4 0 1 7 3 0 0 1 1 0 3 2 2
1 2 0 0 0 0 0 1 4 0 6 0 2 1 0 2 0 2 2 6 3 1 0 4 8 0 1 0 1 3 0 6 3 6 0 0 2 2 5 1 1 2 0 0 1 1 6 1 1 0 0 0 0 2 1 1 0 2 2 1 0 0 4 2
1 0 2 0 1 7 1 4 6 1 3 1 1 1 2 1 1 0 3 1 1 1 1 3 1 1 2 1 2 0 1 4 0 1 1 3 1 3 3 1 1 1 1 5 0 0 2 1 0 0 3 1 2 0 6 3 1 5 3 4 2 7 1 3
1 1 6 2 5 3 2 2 8 1 3 0 3 1 0 1 1 1 0 0 5 0 8 1 8 0 5 0 1 1 0 0 1 0 0 1 1 5 0 1 2 3 5 0 1 0 0 2 2 0 2 0 2 1 1 2 3 2 2 7 1 2 4 1
3 2 1 0 7 4 1 2 2 0 3 2 2 0 2 2 2 2 0 4 0 1 3 0 1 2 2 2 2 2 4 1 1 0 0 0 1 4 1 4 3 1 1 0 2 2 0 4 1 0 1 1 2 1 1 0 5 2 1 0 1 1 2 2
0 0 0 1 2 4 1 1 3 0 1 0 0 4 0 5 1 0 0 3 2 1 2 1 1 0 0 1 2 1 1 3 0 0 2 0 1 1 3 0 1 2 2 0 1 3 0 2 5 2 1 2 2 1 3 1 1 1 3 3 1 0 0 1
0 0 0 1 1 1 1 1 0 1 2 0 3 2 0 3 1 4 3 1 0 0 0 1 2 0 1 3 1 1 1 1 0 3 2 1 1 2 1 1 0 4 0 0 1 1 1 6 6 4 0 2 1 2 1 2 4 0 2 4 1 1 1 0
0 0 1 2 1 0 1 0 3 1 0 5 0 1 2 0 3 2 0 0 1 1 3 3 5 4 0 1 4 1 1 3 3 0 0 0 0 7 0 1 2 12 1 7 3 1 0 8 2 5 2 4 3 1 2 1 10 0 0 0 0 3 7 15
4 1 0 4 1 5 0 2 0 4 0 1 2 3 1 3 1 5 1 1 2 0 1 1 0 2 1 4 5 3 1 1 2 1 0 4 1 3 0 7 1 8 5 2 0 0 0 2 1 3 1 2 0 2 0 4 2 0 3 1 1 2 3 1
1 1 3 1 0 3 1 0 1 0 0 3 2 2 0 1 1 3 4 1 0 0 0 2 0 0 3 1 0 2 1 6 3 2 0 0 2 6 1 3 2 3 2 0 1 1 0 4 1 0 1 1 2 4 2 2 2 1 1 0 2 1 1 2
0 3 0 0 1 4 0 1 0 3 1 1 2 4 4 0 1 0 0 1 4 4 3 3 5 4 7 3 4 3 2 0 1 1 0 0 1 0 1 0 5 0 2 3 4 2 2 1 1 3 1 0 3 1 3 2 2 1 0 1 2 0 2 8
2 1 1 0 0 0 2 2 3 4 0 0 0 0 3 0 0 2 2 0 9 1 3 7 3 3 2 4 3 1 2 3 2 1 9 0 0 1 4 2 0 0 0 4 1 0 7 2 0 0 0 3 1 2 0 2 1 2 0 1 1 0 2 4
0 2 0 1 5 2 1 2 0 2 4 4 4 2 1 1 3 0 0 1 3 1 2 2 5 6 1 0 1 1 1 3 2 2 3 1 1 1 0 4 0 0 2 1 0 0 3 0 0 1 0 5 2 1 2 3 0 0 2 1 2 3 1 2
3 2 2 1 2 1 0 2 0 1 2 1 0 0 1 4 0 0 0 1 1 2 1 4 3 1 1 1 2 0 2 4 0 2 1 0 2 0 0 0 3 3 0 1 1 1 3 0 4 1 2 2 1 2 2 0 0 1 1 1 2 3 2 2
1 1 0 6 2 9 3 1 3 0 0 2 2 1 1 0 2 1 1 0 1 0 5 1 0 0 0 0 0 1 3 1 0 0 1 1 3 0 0 2 1 0 3 0 0 0 0 0 0 0 1 2 0 1 0 5 1 3 3 2 1 3 1 1
2 2 0 3 2 3 5 0 1 5 1 5 0 2 9 1 11 1 1 1 1 5 2 0 1 0 0 5 1 6 0 0 3 0 0 1 1 0 2 0 1 3 2 3 0 0 2 4 1 2 0 0 3 2 0 1 2 0 1 5 1 2 2 5
1 1 1 3 2 2 0 3 3 4 0 5 9 1 1 2 3 1 1 2 0 1 2 3 2 2 0 0 1 1 0 0 0 0 0 3 3 1 2 4 1 1 1 0 2 3 1 2 6 1 3 0 0 1 2 9 1 2 0 3 1 2 4 5
3 2 2 2 4 3 1 0 2 2 3 3 6 0 2 1 2 2 2 1 1 1 0 1 0 1 0 1 0 0 0 0 0 3 3 6 0 1 2 1 0 2 5 1 2 1 1 3 1 4 0 1 3 0 4 0 2 0 1 2 1 3 4 4
0 0 1 2 1 1 11 11 1 3 0 5 10 2 6 0 0 2 1 1 0 2 3 3 1 0 1 1 1 2 0 2 0 2 0 0 1 1 1 2 5 3 3 1 2 1 0 6 1 2 3 4 1 0 2 1 2 5 1 1 1 0 1 2
1 0 0 0 1 6 4 3 1 3 0 0 0 4 1 1 0 0 0 2 3 1 0 5 1 2 3 6 0 2 1 2 0 0 0 1 1 0 0 1 0 3 1 2 1 0 3 11 1 1 2 1 2 2 0 4 1 1 3 0 4 4 2 1
2 4 1 1 1 3 2 10 0 2 2 1 0 1 0 4 0 1 4 1 0 2 0 1 0 0 1 6 1 1 2 3 4 3 2 1 3 1 0 3 0 3 3 0 2 6 2 0 1 1 0 1 1 2 1 1 3 0 7 4 3 3 6 3
1 2 3 0 2 1 0 1 3 1 0 1 1 1 2 0 3 4 1 0 0 3 2 1 1 2 1 1 0 0 2 0 3 1 6 1 0 4 0 1 1 2 1 2 1 2 0 4 2 4 7 2 4 3 2 3 1 2 5 2 1 0 5 0
0 2 0 0 4 1 3 0 0 0 1 0 0 0 0 2 1 3 0 1 1 1 1 1 3 0 2 1 0 4 5 0 6 2 2 1 0 0 2 2 1 2 1 1 1 1 3 1 4 1 6 0 1 0 3 1 1 2 3 1 1 0 3 2
1 3 2 3 4 2 1 1 6 3 0 1 0 1 1 0 0 1 0 3 1 1 0 0 2 1 1 3 0 0 0 0 3 1 0 4 0 3 1 2 1 0 0 1 1 6 0 0 6 1 3 0 1 0 0 1 0 0 0 1 0 1 1 1
