158 46 554 1 394 49 738 152 6 1023 217 195 677 668 989 768 881 240 726 289 740 445 554 269 272 997 161 181 204 919 343 816 537 864 508 118 647 401 605 643 774 504 229 681 525 692 556 678 784 62 550 982 560 568 563 925 872 277 470 370 838 900 869 191
365 65 352 382 861 695 584 125 122 890 302 349 559 232 38 557 98 916 428 905 207 893 757 313 557 18 374 796 439 724 779 789 637 1 189 38 471 515 692 343 421 447 942 953 386 208 724 540 451 332 943 302 131 825 367 156 4 324 825 121 402 152 526 287
550 592 328 540 637 452 529 356 397 670 652 650 724 323 634 240 446 401 535 447 659 693 410 535 312 445 321 434 454 593 462 733 422 401 678 485 622 224 583 368 622 773 390 747 576 387 489 671 291 693 286 491 369 502 304 744 292 740 378 557 594 364 480 245
605 780 432 484 519 507 553 538 479 408 492 439 737 535 658 330 658 566 402 764 331 714 527 634 379 562 656 695 631 425 541 448 578 573 585 546 465 242 670 296 505 692 308 784 629 663 718 770 333 539 441 456 287 600 590 356 607 366 585 354 321 357 299 222
469 728 640 693 694 422 475 294 252 487 427 321 823 493 839 410 548 762 388 795 460 867 617 687 646 648 348 548 430 609 335 287 309 283 440 441 686 557 463 501 660 754 521 822 640 556 580 505 626 527 519 570 550 543 435 584 678 728 649 608 334 377 549 367
211 418 543 325 491 225 555 543 335 468 591 413 811 550 838 603 658 793 526 752 264 844 244 645 377 433 685 463 812 758 734 513 485 320 546 656 593 663 340 285 288 361 246 620 446 468 355 353 298 257 293 366 414 718 334 791 245 786 202 578 326 291 597 313
351 517 340 669 497 395 439 502 274 498 709 490 871 581 816 618 816 451 571 827 578 859 513 708 607 406 807 451 725 505 465 369 534 283 683 579 742 349 571 488 625 335 200 527 163 399 407 360 618 613 546 540 374 707 444 467 223 493 193 416 253 355 496 169
151 539 214 528 382 642 385 375 274 358 529 310 831 628 718 551 397 501 654 784 828 744 820 819 644 681 487 557 697 471 402 345 620 567 777 680 508 605 761 434 562 266 524 495 277 298 369 545 446 381 380 378 609 368 558 458 621 324 283 271 205 263 594 673
202 287 451 361 566 516 501 372 646 641 631 640 396 470 534 442 565 456 470 633 650 517 800 492 723 602 379 402 593 590 596 525 598 730 528 492 752 487 771 686 430 557 478 254 431 299 659 287 692 585 740 421 708 356 514 621 621 644 398 297 420 425 345 492
266 566 580 720 499 592 688 617 532 495 607 573 520 537 452 548 433 274 507 296 522 284 393 675 605 581 493 498 351 467 561 356 538 715 563 649 691 305 646 586 770 562 705 401 478 454 436 647 522 594 729 542 669 614 460 650 517 603 712 662 406 578 321 568
471 547 306 629 290 672 335 722 394 396 547 400 354 498 614 448 599 554 726 583 644 305 384 337 579 734 577 586 717 633 608 677 601 741 603 319 338 359 468 718 730 529 786 404 602 338 517 234 707 296 567 653 764 317 696 275 759 337 801 450 649 667 440 447
719 372 401 461 260 623 548 514 537 331 546 209 299 229 640 411 708 385 469 569 498 541 302 420 497 462 577 310 513 471 693 419 563 448 345 234 528 315 599 478 488 465 422 299 461 621 439 400 338 253 347 345 479 543 426 411 361 325 750 402 742 321 650 270
572 464 458 671 451 370 702 515 677 687 524 435 413 375 399 457 612 349 497 515 318 303 525 429 400 193 631 123 498 307 519 552 417 460 358 428 543 451 707 328 663 668 363 571 404 763 607 645 416 317 363 345 303 601 219 748 244 734 435 480 649 307 739 703
371 696 459 675 724 412 645 348 615 627 457 389 522 407 278 667 424 554 546 397 668 466 694 494 506 217 715 275 511 578 457 653 467 714 552 670 752 505 782 370 624 417 362 442 607 704 589 333 677 332 771 307 670 691 686 695 583 586 549 627 694 466 705 556
524 496 722 596 896 288 780 441 478 480 389 692 298 409 258 404 573 286 512 446 455 553 543 615 379 420 746 292 589 320 508 672 386 479 347 698 449 728 413 407 681 291 428 539 453 418 455 289 333 673 526 693 774 425 629 621 574 464 604 327 667 644 426 757
669 216 884 181 822 256 428 727 649 828 711 785 630 599 410 264 389 300 315 457 670 465 477 301 311 348 761 559 802 629 662 410 493 669 290 451 586 386 521 676 490 557 487 569 265 399 320 654 451 549 455 511 747 639 587 707 565 617 395 341 554 354 368 573
381 254 715 155 535 416 547 703 638 566 823 538 833 674 739 750 481 610 291 322 646 373 717 453 530 413 484 342 698 307 407 537 235 474 393 449 742 718 829 763 709 634 582 724 219 619 331 755 461 589 544 440 594 598 499 722 698 769 579 725 575 352 547 215
437 336 610 503 710 756 574 797 561 510 739 320 869 699 863 457 681 288 481 325 325 598 578 558 600 463 564 373 364 448 257 632 239 741 564 716 775 447 489 652 665 557 428 460 283 358 420 313 534 396 347 395 313 698 738 777 805 575 691 542 476 568 584 247
230 149 475 378 630 785 588 667 385 695 238 326 348 544 398 342 497 254 470 532 225 677 367 665 550 408 341 606 249 429 550 260 403 248 580 248 677 251 675 511 541 374 454 417 212 312 370 568 509 704 306 685 292 466 536 557 371 711 430 656 630 335 465 534
680 273 381 451 588 355 637 604 256 747 175 541 387 633 461 358 244 206 313 532 478 802 477 655 686 368 598 348 444 344 347 438 388 463 483 427 531 327 557 619 791 699 676 358 231 377 359 493 701 645 358 754 263 621 640 753 662 538 723 621 745 655 521 751
751 762 440 524 630 550 675 621 665 417 740 650 685 740 641 591 692 592 630 697 623 550 689 343 549 524 485 503 704 357 293 418 227 360 459 293 713 456 649 472 711 303 390 332 214 443 269 252 713 305 471 385 559 462 466 839 413 762 364 506 381 598 725 545
303 374 254 363 312 616 383 709 555 735 544 545 500 788 440 840 367 791 457 733 665 448 517 510 610 550 697 490 733 501 709 393 343 221 305 400 290 632 336 699 585 459 554 232 209 437 430 418 693 563 542 509 337 341 283 722 242 485 422 561 729 718 554 301
345 342 598 557 225 459 359 579 576 337 588 295 445 451 238 600 158 612 266 473 351 271 504 489 617 429 506 429 424 336 624 160 561 192 290 405 478 704 529 810 467 762 587 475 512 671 447 513 735 475 615 308 324 255 210 599 209 475 458 600 806 574 734 446
344 347 691 344 274 636 446 758 710 627 824 510 703 730 297 787 435 496 528 244 621 296 477 582 363 709 589 545 635 616 384 230 521 192 502 394 499 370 708 474 471 680 426 809 600 727 561 485 457 633 367 198 278 184 407 588 430 442 611 659 413 538 319 546
560 483 669 547 346 728 622 719 719 634 349 710 400 570 695 340 554 275 695 182 365 454 198 429 136 516 294 393 600 759 569 657 644 339 494 416 546 285 795 504 787 477 690 574 724 474 452 499 387 468 375 332 359 243 411 355 399 638 710 799 462 751 678 601
245 255 277 689 338 792 714 443 669 279 519 356 702 369 709 363 621 386 677 353 566 406 223 390 440 343 543 531 787 679 843 661 782 659 569 329 395 272 671 276 601 283 670 367 407 456 342 315 249 223 204 227 255 584 224 454 351 692 523 704 755 695 486 287
225 383 391 706 380 696 349 349 700 405 513 659 426 530 575 585 459 348 337 487 410 285 635 530 779 548 612 336 300 342 288 457 319 785 273 755 206 576 399 654 576 543 264 573 176 683 275 413 350 319 585 427 400 268 331 358 657 322 541 278 484 460 439 476
298 309 564 526 578 403 238 304 257 586 490 557 587 530 713 719 360 508 249 606 301 376 385 532 420 498 669 361 346 731 453 770 346 447 245 515 624 681 554 431 279 621 276 490 632 572 548 518 536 481 550 377 626 443 294 429 387 262 713 527 433 550 512 519
203 653 301 454 556 512 287 318 314 499 334 708 777 515 663 527 251 696 126 422 135 185 194 181 216 287 417 548 732 884 594 891 588 592 532 453 359 656 356 479 259 560 634 616 749 300 708 460 346 493 379 386 511 573 219 565 440 330 680 694 512 600 669 633
308 784 429 710 489 334 658 375 373 331 720 713 681 342 357 304 595 568 561 494 508 579 461 312 415 245 283 534 589 787 429 661 610 444 522 616 336 596 275 628 238 707 581 639 698 262 660 237 337 432 664 465 525 648 333 383 709 355 632 407 510 640 409 452
673 623 378 741 610 707 468 328 419 418 705 695 394 720 380 606 576 339 654 537 477 439 682 290 317 315 349 709 382 575 649 582 579 505 336 717 378 505 456 710 730 611 696 729 591 610 429 562 691 490 477 286 284 316 559 277 689 466 539 348 676 538 547 202
675 547 669 687 552 622 435 693 612 372 438 517 472 752 282 649 434 446 763 437 674 417 598 626 451 733 567 597 250 387 301 219 494 367 703 673 521 552 757 745 736 621 591 708 301 684 191 659 378 472 345 466 552 521 632 363 720 202 693 365 780 639 350 276
724 534 743 531 406 521 482 596 647 517 656 632 252 482 248 587 594 725 583 754 384 551 706 655 448 401 326 507 220 439 162 581 408 497 748 488 579 438 696 396 532 310 439 534 170 753 220 570 616 390 652 688 471 642 725 280 824 370 699 554 662 502 652 352
384 628 416 701 508 300 573 387 617 479 301 358 115 446 212 491 648 568 422 614 332 320 692 393 362 244 474 548 278 531 298 406 365 523 715 690 815 429 619 304 512 229 466 442 169 548 164 770 352 658 441 623 705 728 795 670 630 666 482 564 296 198 350 124
620 509 386 572 342 493 574 577 371 685 486 637 352 595 337 709 521 756 469 800 305 648 377 542 407 325 678 728 580 845 593 766 500 560 337 452 672 578 732 606 656 316 315 309 278 701 469 799 633 905 540 821 533 528 719 488 377 480 561 227 405 190 483 563
620 609 392 368 282 568 657 610 538 494 405 800 423 744 323 465 464 581 372 660 598 788 620 645 423 722 445 750 650 400 474 281 303 296 301 306 457 715 643 755 572 309 227 492 438 386 462 559 626 766 742 532 567 600 782 317 833 279 749 282 416 365 372 664
475 348 326 647 530 453 436 692 608 349 582 644 312 633 535 526 377 548 367 428 424 391 730 690 682 704 631 348 434 405 538 459 316 514 447 551 442 651 688 590 298 324 162 354 268 659 523 742 264 492 213 274 376 407 808 244 898 255 621 535 663 351 327 328
399 475 573 767 369 720 326 712 560 450 658 286 699 548 690 738 503 670 342 380 601 360 320 360 353 236 287 233 273 446 522 474 618 772 351 678 524 366 349 607 618 521 360 641 207 719 302 813 400 513 320 246 287 192 751 291 802 413 534 245 543 158 271 123
682 338 296 427 265 417 292 289 484 278 342 390 652 507 566 658 405 745 486 321 613 233 478 258 438 653 469 595 627 374 430 308 481 663 515 454 410 473 408 503 480 699 599 752 450 718 547 399 445 648 702 478 666 307 323 613 261 710 492 465 482 267 435 638
818 631 635 433 634 200 562 280 412 373 277 636 318 418 553 717 668 696 480 621 501 372 645 480 313 561 389 407 548 325 419 516 422 544 547 782 671 723 379 418 631 594 829 705 788 530 668 397 395 655 494 761 711 748 647 440 292 465 567 503 283 307 378 491
651 435 771 405 696 239 404 313 609 391 627 352 740 562 526 510 340 700 664 671 683 354 635 531 434 313 576 247 607 300 685 301 396 704 724 795 741 601 636 514 425 570 604 651 402 443 557 501 602 582 527 699 654 619 502 373 438 428 543 751 326 641 279 739
677 580 651 245 455 274 535 240 354 431 774 604 787 334 440 380 215 412 268 426 637 270 384 410 311 254 465 444 485 220 644 218 456 684 714 670 840 654 823 526 788 584 625 631 355 635 182 350 351 346 693 549 405 500 297 693 349 659 418 805 211 791 289 662
261 445 418 211 586 247 293 472 210 317 367 520 539 272 316 495 444 629 197 586 279 679 646 546 590 318 719 570 580 641 696 418 555 295 561 512 674 695 487 562 497 669 524 789 228 564 149 476 275 458 391 522 718 450 562 806 650 850 508 713 219 417 160 184
520 353 636 447 477 628 608 652 506 505 391 250 430 416 614 474 714 606 562 669 364 401 527 386 626 284 722 607 540 849 464 716 313 553 459 393 373 510 330 328 432 487 450 398 488 310 650 255 603 354 734 688 836 609 613 581 392 373 539 456 505 182 514 92
218 311 263 315 256 626 390 871 699 799 762 582 531 484 631 572 557 444 653 507 282 624 245 227 290 360 241 726 292 668 647 754 471 547 601 383 392 235 282 325 219 251 194 259 401 179 684 413 527 610 763 470 621 500 391 637 268 655 232 748 447 418 521 167
180 370 468 386 700 708 564 764 508 602 814 607 726 284 649 252 330 467 545 234 524 209 540 319 425 491 592 610 473 555 511 731 423 495 397 347 506 581 327 726 591 629 260 418 278 655 735 563 768 656 369 475 397 615 478 552 488 822 567 800 447 472 505 300
281 330 379 295 505 320 365 625 388 592 530 680 567 241 393 197 470 271 598 276 483 379 530 529 589 544 382 777 331 730 409 606 445 478 532 464 312 601 584 368 778 310 498 719 387 678 690 392 813 643 469 694 177 304 272 406 498 486 592 557 394 514 220 230
476 267 312 355 322 576 269 547 527 732 377 443 470 548 486 398 278 469 299 384 346 571 297 402 369 763 571 839 513 857 218 696 369 413 537 333 598 502 464 188 499 235 626 795 551 776 384 304 584 238 350 265 437 335 234 578 442 524 725 325 627 273 330 143
222 367 235 416 649 460 707 529 565 576 720 297 694 453 701 462 563 658 288 533 613 549 470 459 638 683 813 780 679 391 301 442 573 503 367 329 275 632 406 325 342 261 715 582 634 772 581 761 370 652 363 567 579 250 630 276 707 552 747 580 510 430 576 691
603 457 585 551 473 771 724 713 682 586 686 613 583 515 622 549 781 725 547 769 513 499 321 379 489 298 492 342 403 676 460 486 611 365 627 671 415 812 547 815 746 809 810 784 699 623 535 628 404 467 453 709 678 453 737 359 490 479 606 418 523 683 576 797
668 752 627 409 496 421 386 432 797 275 830 404 746 754 666 620 714 355 484 626 431 700 531 318 591 516 631 335 686 752 453 792 346 472 341 467 658 387 778 390 684 668 762 803 806 545 780 515 525 661 391 749 290 349 476 196 296 418 454 572 585 721 687 361
622 587 614 407 664 683 559 668 672 656 466 708 351 433 395 463 316 535 395 547 684 329 792 184 807 209 857 309 836 564 587 460 449 290 502 572 432 225 452 163 373 431 511 575 687 339 681 375 401 677 285 789 277 410 160 306 208 350 247 580 427 626 749 672
265 458 762 565 784 758 417 683 494 766 275 756 246 784 626 714 460 353 228 328 300 256 258 625 346 653 763 681 662 559 393 656 736 285 744 448 469 521 556 608 290 396 603 282 604 313 388 536 235 637 421 581 464 650 151 615 139 426 218 693 679 697 746 788
245 325 712 648 614 817 434 723 538 477 660 324 515 543 423 603 497 323 384 398 161 501 286 766 616 563 677 703 479 714 512 474 662 305 746 533 508 625 334 757 470 478 549 386 791 638 676 538 695 586 364 429 347 569 416 523 356 402 369 726 517 386 669 408
522 504 597 450 566 728 707 467 630 199 676 176 411 362 268 320 552 374 296 422 308 320 384 642 568 664 737 764 550 607 771 591 736 445 671 378 490 706 209 704 282 598 550 540 686 416 877 494 783 772 712 743 344 755 356 500 393 633 506 646 432 325 479 424
487 511 511 207 789 175 833 158 778 275 753 423 575 424 643 391 360 385 468 280 406 590 560 582 685 542 588 379 609 567 424 586 674 449 711 333 524 643 603 603 586 363 307 408 450 622 825 459 889 754 737 814 371 860 603 848 555 866 668 811 507 613 594 199
275 316 443 270 464 552 618 350 609 626 751 728 660 532 722 465 763 350 742 738 456 836 380 577 466 318 596 242 397 290 521 446 455 575 593 772 716 784 419 639 652 426 414 654 614 405 527 385 619 691 596 724 698 701 651 828 463 637 678 387 644 486 404 222
419 571 652 462 327 712 446 752 438 532 572 752 471 499 287 460 365 770 590 893 679 779 654 350 746 398 472 262 493 310 431 471 450 751 614 736 832 553 685 754 518 596 652 662 455 533 516 352 310 660 207 651 353 622 419 373 532 521 501 283 651 325 728 658
528 516 348 781 175 760 238 711 510 612 419 721 285 715 189 356 541 344 698 650 443 853 759 671 670 510 710 435 715 345 365 424 402 302 473 233 668 296 600 727 577 874 288 786 220 702 434 540 239 776 213 683 219 733 267 650 275 469 532 410 602 339 406 638
375 554 233 627 421 401 591 262 370 323 512 534 694 559 590 317 756 510 560 818 413 915 518 860 548 686 456 314 756 151 443 186 392 296 385 614 469 494 593 367 654 658 258 699 337 766 603 392 561 513 440 421 348 523 580 559 579 248 289 339 305 385 489 254
236 634 471 400 713 256 668 591 458 541 390 618 617 728 769 492 739 783 523 747 669 347 639 294 345 441 394 594 739 311 754 525 643 728 300 558 635 605 626 281 596 354 443 522 263 442 511 259 587 579 552 679 518 265 480 264 459 196 331 274 604 544 468 231
143 431 406 683 486 435 469 704 597 773 499 594 550 673 421 609 762 761 801 675 656 546 581 212 639 453 572 628 636 365 507 508 379 656 295 562 481 470 738 229 657 568 594 684 486 553 656 322 429 640 513 528 397 253 526 347 623 207 727 235 818 614 715 318
234 567 563 734 386 793 573 745 331 431 502 667 740 636 533 691 384 393 526 683 706 387 326 402 285 220 238 199 362 336 628 662 738 402 560 254 421 179 630 193 573 590 425 750 536 613 747 561 493 689 731 825 721 800 413 624 418 314 570 222 500 291 319 193
111 392 221 684 521 844 641 866 294 627 337 537 705 659 362 436 410 339 608 471 392 329 276 510 429 414 532 348 212 676 379 592 700 352 755 378 727 545 472 511 646 632 774 559 585 517 580 768 444 712 291 638 511 880 769 814 627 359 283 296 476 235 592 107
