235 65 457 38 493 83 544 292 178 718 268 423 634 587 877 653 828 370 732 340 687 412 541 423 315 704 200 461 240 770 373 827 502 692 526 288 608 402 638 566 649 555 392 656 486 676 590 562 699 331 595 734 548 696 602 727 721 393 604 428 765 660 732 310
349 168 426 314 682 444 531 334 238 670 333 449 503 364 330 555 320 719 450 745 426 699 603 401 489 299 358 625 422 729 610 699 558 272 380 184 506 402 624 420 558 539 676 729 511 445 614 487 573 399 683 456 357 658 354 402 301 338 624 256 551 280 525 287
547 591 328 540 638 451 530 355 395 671 650 653 726 322 635 240 448 401 534 449 660 693 410 534 312 445 316 433 451 595 462 729 422 399 678 484 620 223 582 368 624 770 386 750 578 387 490 671 291 692 287 491 369 502 310 743 286 741 380 557 597 364 481 245
605 779 433 479 519 507 552 539 479 408 490 439 738 534 658 328 658 566 402 764 330 712 529 634 382 562 657 693 626 425 543 448 580 577 588 545 465 243 670 291 506 690 310 786 627 663 717 767 333 541 441 456 289 600 590 358 607 369 586 357 321 359 297 222
469 724 640 684 693 420 475 294 253 490 426 320 825 494 837 409 547 759 388 796 460 867 616 687 644 648 351 545 430 607 332 287 308 282 440 439 687 556 460 501 663 754 528 826 642 556 581 505 631 525 522 569 550 542 440 580 675 726 651 606 333 377 549 367
212 421 543 329 494 226 555 543 336 468 591 413 811 550 838 604 655 795 524 754 263 845 243 643 376 433 683 464 811 758 737 516 484 318 548 653 588 664 339 284 289 359 247 621 449 468 357 353 301 260 294 372 413 718 334 792 246 792 202 584 327 292 600 314
353 518 343 670 498 394 441 503 275 499 711 487 872 582 814 617 819 453 570 827 577 858 504 709 607 406 806 451 723 507 469 369 533 284 682 580 740 352 567 488 626 336 203 527 163 398 407 360 615 613 544 537 375 708 450 468 227 494 192 417 255 355 497 163
151 538 214 529 382 642 386 375 277 353 528 307 827 627 718 551 398 500 654 784 827 744 820 821 644 679 490 557 698 473 402 341 618 568 778 679 511 603 760 435 564 263 522 496 277 298 369 546 449 381 379 381 612 369 558 460 622 318 286 270 205 263 594 672
203 286 455 356 566 512 501 370 642 642 630 640 396 470 535 444 564 456 470 637 648 516 794 494 719 603 375 402 596 589 596 524 598 732 528 493 750 487 771 684 424 557 479 252 430 297 659 286 692 583 739 418 707 354 517 618 621 642 397 290 419 424 345 491
268 566 580 719 501 593 690 618 536 492 609 572 520 536 451 547 433 274 507 289 522 284 396 675 602 581 495 498 352 465 559 355 539 714 564 650 695 306 646 582 768 563 704 400 476 453 436 646 522 596 730 542 668 613 460 651 515 605 706 660 406 577 321 568
467 548 306 630 291 673 334 719 399 396 549 400 355 500 612 448 598 555 727 583 646 300 383 337 581 736 577 588 716 634 608 678 601 743 604 321 338 359 469 719 731 522 789 404 602 339 517 236 708 296 569 650 764 317 696 277 754 336 799 448 647 670 442 449
717 374 400 461 261 623 551 517 537 335 551 208 299 228 642 411 708 385 468 568 496 541 302 421 498 468 579 314 516 474 693 419 566 446 345 233 529 316 599 477 488 463 423 298 463 620 439 400 338 253 348 344 480 544 429 410 362 323 746 402 743 322 643 271
570 465 458 670 447 370 701 516 676 686 526 429 413 373 398 456 612 346 497 516 320 302 528 431 398 194 630 126 496 306 518 554 419 452 357 429 539 452 706 328 662 668 362 571 403 765 605 644 415 317 361 345 302 599 216 748 243 732 433 478 649 309 739 702
372 696 457 672 722 412 644 347 615 627 454 393 521 407 275 664 423 553 547 397 669 466 693 493 509 215 715 276 509 577 457 653 465 713 554 670 750 501 779 370 624 418 361 443 610 706 592 333 677 325 771 301 670 691 686 697 583 583 549 626 693 466 703 557
526 499 722 595 895 288 780 438 477 481 387 686 300 406 258 405 571 289 512 446 456 553 541 618 385 419 746 296 589 320 505 673 388 480 347 700 450 725 417 408 681 290 429 540 454 418 454 284 335 673 525 692 778 423 631 617 574 462 603 326 666 644 425 757
665 223 883 182 824 256 429 722 649 827 706 783 629 598 409 265 390 297 316 458 668 468 476 302 313 347 761 561 801 632 664 409 488 669 290 451 592 387 521 679 490 557 483 572 266 401 319 653 451 549 456 511 746 642 588 708 566 614 396 342 558 354 367 579
381 255 714 155 535 421 547 700 636 566 823 537 833 674 738 750 481 607 289 321 649 375 717 452 530 413 484 343 694 307 410 536 234 476 393 450 742 716 827 762 708 636 578 724 216 620 330 758 462 587 542 440 598 603 500 722 699 767 580 726 575 355 546 216
443 336 608 504 710 756 574 794 564 508 744 320 871 701 865 452 679 289 479 325 327 598 584 558 600 463 564 370 364 448 255 637 239 742 566 715 777 447 490 646 666 557 425 464 284 360 419 309 533 397 350 396 316 694 739 778 804 576 692 542 477 569 581 245
231 149 475 376 629 789 592 668 384 696 237 323 355 543 399 343 497 251 470 529 225 678 366 664 555 408 340 605 248 428 548 261 403 252 581 249 675 253 673 511 538 375 460 418 211 311 365 563 508 704 306 688 288 466 542 559 372 711 427 656 628 333 464 530
677 267 380 449 590 355 634 604 255 746 174 541 387 631 460 359 240 209 311 529 480 799 475 652 686 367 603 350 444 343 347 437 392 461 483 427 531 328 561 621 792 697 672 356 229 378 359 494 701 646 357 754 265 622 638 752 661 540 718 622 745 656 521 752
751 767 439 525 633 550 676 619 664 420 738 651 685 740 641 590 690 589 630 695 623 551 687 342 549 523 483 503 702 358 293 418 227 366 460 293 716 458 647 470 711 305 392 332 215 442 267 249 709 308 474 386 558 466 469 837 413 761 364 505 385 598 724 541
305 374 258 362 316 617 385 709 558 740 546 546 500 790 443 840 367 788 456 728 665 446 515 509 612 551 696 490 738 498 708 391 343 221 305 399 291 630 336 693 585 456 553 229 208 435 428 418 693 563 541 509 340 343 285 722 242 485 420 560 729 716 560 302
347 340 599 557 225 461 359 582 574 341 589 293 446 456 238 602 160 611 267 472 350 273 504 489 617 431 509 427 425 336 626 163 561 193 291 406 478 706 530 806 467 763 585 473 511 669 446 514 730 475 616 310 324 255 213 599 207 473 457 599 809 576 733 445
349 350 689 344 275 635 442 757 711 626 826 511 703 726 293 787 433 501 529 246 621 295 480 582 365 708 590 542 632 616 386 233 522 193 502 394 498 371 708 479 474 679 426 812 600 725 561 485 457 634 370 198 277 190 406 591 429 442 608 657 411 538 319 544
558 484 672 544 348 728 623 720 717 632 349 715 395 572 692 342 553 276 696 180 366 457 201 432 139 517 293 398 597 759 568 658 640 340 493 416 550 286 797 506 786 480 689 580 723 475 453 501 388 472 374 334 362 234 411 357 400 638 708 797 459 749 678 601
243 254 278 688 337 789 714 444 670 279 519 355 703 371 706 363 620 385 677 353 567 406 224 390 445 343 544 532 788 684 846 664 786 659 569 331 390 272 668 277 601 278 673 366 413 455 346 314 246 223 209 226 257 584 226 455 348 698 524 699 752 694 483 288
229 385 392 702 378 699 347 350 702 403 514 657 426 530 577 588 457 348 339 486 413 284 637 530 779 549 613 339 300 345 289 456 320 788 273 754 212 575 399 652 574 541 267 572 174 685 276 412 349 317 589 427 402 270 328 359 654 323 541 282 484 461 437 476
297 307 563 527 577 403 238 305 256 585 490 557 588 532 712 720 363 507 255 609 303 374 385 535 422 501 669 361 345 729 453 773 345 446 246 515 624 682 552 434 279 621 274 493 633 572 544 517 534 480 550 377 625 447 297 426 390 263 716 522 434 550 514 519
203 654 300 455 558 513 284 318 314 500 332 708 775 512 667 535 248 696 128 423 139 185 198 182 216 289 421 546 735 886 596 887 588 590 531 451 360 658 355 477 260 561 634 616 748 300 708 461 346 492 378 383 512 573 217 565 440 330 680 694 513 598 669 631
306 785 429 710 490 336 659 376 373 337 719 710 683 348 358 304 594 568 561 492 509 576 462 310 415 245 283 534 590 786 430 662 610 445 520 617 334 596 274 626 227 708 578 636 699 260 660 235 335 433 662 462 524 650 332 386 710 355 631 406 512 640 409 452
672 623 377 743 610 706 469 329 421 419 702 699 389 720 379 608 578 340 657 539 478 440 682 287 318 315 354 708 383 576 650 585 578 506 341 713 378 504 457 715 732 611 694 727 590 611 427 560 690 490 477 288 284 317 556 276 688 466 540 348 677 539 547 199
675 546 669 688 553 625 435 693 614 375 438 520 471 754 282 652 436 445 765 438 674 411 599 624 456 733 568 596 252 387 306 218 493 365 703 674 523 552 757 746 735 615 588 707 296 684 191 660 379 472 348 466 546 520 629 360 719 204 692 363 781 639 354 277
713 534 744 535 407 522 482 600 648 516 656 632 261 482 250 586 594 724 586 751 387 551 705 650 445 406 329 507 222 438 161 579 408 496 748 489 580 439 698 397 530 313 438 534 175 751 220 569 618 388 652 687 473 643 726 278 824 372 699 552 670 506 657 354
390 628 416 700 509 303 573 388 617 479 301 358 115 446 207 488 646 568 421 615 333 319 687 394 361 245 477 545 276 522 296 410 364 524 714 689 815 430 620 299 512 227 468 442 169 548 168 769 355 651 441 622 701 728 795 671 634 665 482 558 297 199 350 119
621 510 385 572 343 494 574 577 373 685 486 638 353 596 333 709 519 756 467 798 306 646 379 543 406 326 678 729 580 838 591 774 500 562 344 452 674 579 733 610 656 314 316 311 278 701 468 803 632 904 539 820 534 529 720 486 374 480 562 226 405 191 483 555
622 609 390 369 281 570 658 610 539 492 404 799 425 744 323 465 464 581 374 660 598 788 620 645 422 721 442 748 651 406 475 283 306 299 300 307 458 715 643 753 572 309 230 491 436 386 462 563 629 769 745 533 567 599 780 318 834 279 747 285 416 364 374 665
475 346 329 645 529 454 438 688 607 349 579 647 301 632 534 526 376 548 367 429 424 393 733 688 679 699 632 352 437 405 535 460 312 520 447 551 442 650 689 590 291 323 164 351 270 656 524 741 268 493 220 279 369 410 807 244 899 253 618 534 664 354 332 327
399 471 570 766 368 720 327 711 561 452 657 287 698 552 692 735 504 673 343 380 601 360 319 361 353 237 289 233 268 446 522 477 616 771 351 679 524 366 349 607 618 516 363 639 209 720 304 812 401 512 314 244 287 192 750 290 804 411 532 245 540 157 274 125
678 336 297 427 264 414 293 289 483 278 347 392 650 507 567 663 406 749 485 323 614 235 477 257 439 652 468 595 628 375 429 309 480 664 516 452 412 472 407 503 480 697 597 752 446 721 545 397 443 648 700 474 666 305 321 612 265 711 492 468 480 265 439 636
816 629 635 432 635 202 560 278 409 375 274 636 313 419 553 718 668 696 481 621 504 372 645 478 311 563 389 410 551 325 417 515 422 545 547 781 672 723 380 417 630 596 823 705 786 528 670 397 396 653 497 761 712 748 645 443 289 466 564 501 282 306 379 492
649 432 773 407 697 239 403 313 610 392 625 351 740 563 524 504 340 709 662 670 682 350 634 531 436 312 578 247 607 300 685 302 395 703 725 796 740 601 633 515 421 571 604 651 405 441 558 500 601 584 530 695 654 618 495 370 438 428 542 750 326 638 277 737
676 582 651 245 455 274 535 239 350 431 780 604 789 335 440 378 215 410 270 420 634 269 384 406 319 254 464 444 484 223 644 224 453 690 714 670 838 656 818 525 789 586 625 631 356 636 188 351 352 346 693 549 405 502 298 694 349 657 416 804 211 791 293 660
262 445 420 211 585 240 292 476 216 318 370 521 540 273 314 496 445 629 200 585 280 678 647 543 591 317 717 569 582 641 697 422 555 296 560 515 673 698 484 563 496 670 525 784 228 564 147 477 275 458 394 523 716 450 556 803 649 855 505 709 217 410 159 187
521 352 642 445 482 625 606 650 498 506 394 250 433 417 614 475 713 605 562 669 369 401 535 385 634 284 727 607 539 850 464 716 312 553 459 392 374 515 330 327 434 490 445 398 487 310 650 257 601 354 732 688 834 610 614 583 395 375 541 463 504 184 510 91
221 313 264 315 263 630 391 873 701 799 765 580 533 484 633 574 555 446 653 511 282 625 242 227 291 362 239 728 294 670 643 753 472 547 601 383 391 239 281 329 216 250 195 259 403 181 684 409 528 610 762 469 619 501 392 637 263 653 233 748 446 417 519 165
180 370 468 385 698 704 563 765 511 602 815 607 726 288 649 257 331 467 545 237 522 210 538 320 424 491 592 611 475 556 512 734 423 495 399 347 507 580 324 726 590 627 258 418 279 658 735 561 763 658 370 473 399 614 475 551 487 821 570 803 446 472 505 299
281 330 379 294 504 321 366 626 388 591 532 680 570 239 393 200 471 275 601 277 483 379 530 528 587 544 383 774 332 731 408 605 445 475 534 465 313 599 583 367 778 314 498 719 386 679 689 398 819 639 469 692 176 306 271 408 502 486 590 561 393 515 219 230
476 267 313 353 321 576 270 547 530 733 377 448 470 547 488 398 275 467 299 384 345 570 294 405 364 759 571 840 509 858 217 699 372 413 537 333 598 495 464 187 497 247 625 802 548 775 384 296 582 233 348 269 434 336 232 579 432 524 725 325 627 270 323 128
218 366 235 412 650 455 707 527 565 572 720 296 692 450 700 459 562 653 287 534 615 549 469 458 638 685 812 776 674 394 302 441 575 504 367 333 276 629 406 318 343 269 710 584 634 772 581 759 369 649 364 569 579 248 630 280 705 552 744 579 511 428 573 692
604 458 582 550 473 768 725 713 681 586 686 610 581 517 622 548 782 728 543 770 513 499 321 381 489 298 495 343 403 674 461 492 608 367 627 671 417 806 548 818 744 806 808 784 700 624 535 632 405 467 452 708 680 449 739 357 492 480 605 418 525 682 577 799
668 749 627 409 497 417 386 433 797 278 829 403 748 750 670 620 713 355 484 627 427 704 528 321 586 520 624 332 682 755 451 792 345 471 341 467 657 387 779 390 679 668 760 806 802 547 782 514 524 658 390 749 293 350 479 198 298 417 454 571 583 721 689 353
624 588 615 407 664 683 561 666 675 652 466 708 351 433 398 463 316 533 397 547 693 330 795 177 810 212 859 305 839 563 585 457 447 291 493 572 432 226 456 161 373 431 511 579 686 339 688 377 401 677 285 792 278 412 160 304 209 348 247 579 426 626 747 668
265 460 762 566 789 760 418 681 494 764 279 752 250 786 625 715 457 353 228 329 297 257 260 623 351 647 764 681 663 558 394 653 734 283 741 449 470 520 556 604 290 396 601 283 604 313 385 536 235 636 421 576 462 649 153 612 139 426 216 694 677 700 747 786
248 327 710 647 612 818 434 725 538 478 658 323 515 543 422 607 497 323 384 399 160 499 285 762 613 564 676 704 481 714 510 478 662 303 747 533 510 625 334 757 473 475 549 387 792 637 673 538 691 587 362 431 348 567 414 523 356 403 368 727 519 389 667 410
521 503 597 456 564 737 704 468 627 199 676 178 409 363 267 320 550 373 297 422 307 320 379 643 568 664 737 764 550 608 768 590 736 445 670 379 487 706 209 706 281 598 553 540 686 416 877 494 783 772 711 741 344 754 356 495 392 630 503 644 433 328 480 425
489 509 511 210 791 178 828 158 779 280 754 428 575 422 634 390 349 386 469 281 405 585 562 582 684 542 588 384 610 573 424 586 671 449 711 334 523 643 601 603 585 360 305 411 450 622 823 463 890 756 737 814 368 862 603 847 553 866 667 816 506 615 596 204
276 315 442 267 466 550 618 353 612 622 751 723 669 531 723 463 766 351 743 740 456 835 382 574 468 320 596 242 396 289 521 446 455 575 593 769 719 783 417 643 653 427 413 654 612 408 528 387 625 692 599 724 698 700 649 819 464 639 678 384 643 484 408 217
416 569 654 464 331 709 445 752 440 530 575 749 465 499 289 461 367 772 592 892 678 780 654 351 746 399 472 263 493 310 431 471 450 754 617 742 832 554 683 755 518 598 657 663 457 532 517 355 311 656 207 650 356 622 423 373 530 521 502 285 650 322 732 662
528 516 349 779 174 761 227 722 511 615 419 716 295 713 195 356 541 342 699 649 443 851 762 668 671 510 709 436 714 347 365 426 402 304 473 233 669 297 601 729 582 871 285 785 222 703 434 546 240 774 216 687 220 733 265 651 277 474 531 411 603 339 405 640
374 554 233 627 420 407 587 259 369 326 512 534 694 555 589 316 756 510 560 820 416 914 518 865 547 684 453 320 756 149 442 184 392 296 385 615 468 494 593 366 654 655 259 701 336 766 600 403 562 514 442 422 350 525 580 563 578 247 292 339 309 389 491 255
234 630 472 401 712 259 666 601 458 543 392 617 617 727 769 488 739 782 519 748 669 349 639 295 345 441 393 600 738 312 752 528 647 731 302 557 632 604 626 284 596 351 446 522 261 448 509 259 588 578 552 678 519 263 479 265 456 196 324 270 607 541 474 228
144 429 409 683 488 436 469 703 600 774 499 593 551 674 423 609 759 757 800 675 656 543 583 211 640 455 571 627 636 365 509 508 382 657 289 561 481 474 738 230 656 566 593 686 487 555 656 326 427 644 506 526 393 256 528 350 624 205 722 237 819 614 720 318
234 565 563 734 390 794 570 745 331 431 501 667 740 636 533 689 383 390 526 682 705 388 327 401 288 220 240 200 362 332 623 662 744 404 558 253 421 179 632 191 574 588 426 751 537 614 744 562 497 690 737 825 722 800 410 623 417 312 567 223 499 291 322 191
112 389 223 687 517 842 642 865 288 624 337 538 705 658 363 436 410 340 608 468 391 328 276 510 427 413 533 345 212 676 379 592 703 351 755 374 727 548 471 509 645 632 774 558 584 523 580 768 450 713 294 638 512 880 769 815 627 359 283 297 476 236 591 106
