17 3 79 42 13 39 24 47 26 36 76 106 35 106 29 93 18 44 45 28 16 27 57 27 117 69 159 73 138 9 93 40 42 5 74 46 55 1 30 1 9 18 6 22 30 38 38 28 38 70 90 128 80 99 78 3 59 92 54 83 46 77 84 48
86 40 61 151 86 85 68 27 59 80 103 12 113 67 117 107 64 31 1 99 104 55 68 0 61 16 77 107 93 10 11 36 21 29 86 12 126 59 29 109 44 65 77 103 14 82 54 78 62 20 53 103 18 36 82 30 5 30 57 2 45 60 22 70
1 2 0 1 0 0 1 1 0 0 1 0 0 1 5 0 1 2 0 0 1 1 2 0 1 1 2 1 2 0 0 0 3 1 2 0 1 1 1 0 1 2 0 0 1 2 1 0 0 0 1 0 1 1 0 0 1 0 1 1 0 0 1 1
0 5 0 1 2 1 1 1 0 1 0 1 0 0 0 0 1 1 2 1 2 2 0 1 1 0 0 0 2 0 1 1 0 1 0 1 2 2 0 3 0 0 0 1 1 2 1 0 1 1 1 1 1 1 0 1 1 0 0 1 1 0 2 0
2 0 1 2 0 0 0 0 1 2 1 0 3 0 2 0 0 2 1 1 0 0 2 0 1 1 0 0 1 0 0 0 2 2 0 0 0 1 1 1 1 2 1 2 1 1 3 0 2 0 0 0 0 0 1 0 1 1 0 0 0 0 1 0
1 0 2 2 0 1 1 0 1 0 1 1 1 1 2 1 0 1 1 0 1 1 0 0 1 0 0 1 1 0 0 2 1 2 1 0 0 1 2 1 0 2 0 0 1 1 1 0 1 1 1 1 2 0 1 0 3 1 2 0 2 0 1 0
1 2 1 1 0 0 0 0 2 1 0 1 0 0 1 1 0 1 1 1 1 0 2 1 1 0 2 1 4 0 2 0 1 1 1 0 1 0 0 0 0 0 2 2 1 1 1 0 1 0 0 2 0 1 0 0 1 0 1 0 0 0 0 0
1 3 1 2 0 1 1 0 2 1 1 0 1 1 1 0 0 0 2 0 0 0 0 2 2 0 5 1 2 1 2 1 0 1 0 0 2 0 0 0 1 1 2 0 1 1 0 1 1 0 1 1 1 0 1 0 1 0 3 2 0 0 1 0
2 1 1 1 1 0 1 1 0 1 0 1 1 0 1 1 0 1 0 1 1 1 1 1 0 0 0 0 1 1 0 0 1 0 1 0 1 1 1 0 0 2 2 0 0 0 1 2 1 3 0 1 3 0 0 0 0 1 4 0 1 4 6 1
1 1 1 0 1 2 0 1 1 1 1 1 1 3 1 1 0 0 0 0 1 0 1 1 1 0 0 2 1 0 0 2 1 0 2 0 0 0 1 1 1 0 1 1 2 0 1 2 1 0 4 1 2 2 0 0 1 1 1 0 1 1 0 0
0 0 1 0 0 1 1 0 2 1 0 1 1 1 2 0 2 1 2 0 2 0 2 1 1 3 3 4 3 1 3 0 1 2 1 0 0 1 1 0 1 1 1 1 0 1 1 1 0 1 4 3 2 2 1 0 2 3 2 1 1 3 1 1
0 0 1 2 2 1 0 1 2 1 1 0 1 0 1 0 2 1 0 1 1 3 1 0 0 2 0 0 1 1 0 0 1 0 0 0 0 0 5 0 1 1 0 1 1 1 0 1 1 1 2 1 1 3 1 0 0 2 2 3 1 0 4 3
6 0 2 1 0 4 1 0 1 0 0 1 0 2 1 0 0 0 1 0 2 1 0 0 0 1 0 1 1 1 0 1 1 2 0 3 2 0 0 2 0 1 1 0 0 2 1 1 1 1 0 0 0 0 2 0 0 0 1 3 1 3 1 0
2 2 0 0 2 2 0 1 1 1 0 1 3 1 2 1 1 1 0 1 2 0 0 0 0 3 1 3 0 0 0 1 1 0 2 0 1 1 1 0 2 1 1 0 0 1 0 0 1 1 0 3 0 0 0 1 2 0 0 1 0 1 1 1
3 0 2 0 1 2 3 1 0 2 2 0 1 1 0 1 0 1 1 3 1 0 1 1 1 1 0 1 0 1 1 1 0 1 0 1 1 0 3 1 0 1 1 1 0 0 0 2 1 2 1 1 0 1 3 1 0 0 2 1 0 0 1 1
1 0 0 0 1 2 0 0 1 0 0 0 3 1 0 2 0 1 1 1 1 0 0 0 1 1 0 2 0 0 0 1 0 0 0 0 1 1 1 2 1 2 0 1 2 0 1 1 0 2 1 2 0 2 0 2 0 0 0 1 1 0 1 0
1 1 0 1 1 0 2 1 0 0 1 1 3 2 1 1 0 0 2 3 0 0 2 0 0 0 0 1 2 1 3 1 1 1 1 2 0 3 1 0 2 4 0 1 2 0 1 0 0 0 0 0 1 0 0 2 0 0 0 0 0 1 2 0
0 0 1 2 0 1 3 1 5 0 1 1 1 5 1 1 1 0 3 1 2 1 1 1 5 1 1 0 1 1 2 1 1 1 1 0 3 0 1 1 1 0 0 0 0 0 1 1 1 0 0 1 0 2 0 1 1 2 1 3 0 1 1 0
0 1 1 1 0 0 0 0 0 0 1 2 0 1 2 0 2 0 3 2 0 0 1 0 3 0 0 0 0 1 4 0 1 1 3 0 1 1 2 1 1 0 1 0 1 0 0 1 2 2 0 0 1 0 0 1 0 1 1 1 0 1 0 1
3 0 0 2 1 2 1 2 1 0 1 1 3 2 0 1 2 1 1 1 0 0 0 0 7 0 2 1 2 1 0 0 1 1 2 3 1 0 0 0 3 1 1 0 0 0 0 1 0 0 0 1 0 0 0 1 1 2 1 2 1 1 0 1
1 1 0 1 2 2 3 2 2 0 0 1 1 3 2 0 0 0 0 1 1 0 0 1 1 0 2 4 0 1 1 0 0 1 0 1 1 1 2 1 0 0 0 1 1 1 0 0 2 2 0 0 1 2 3 0 2 1 0 1 1 0 1 0
2 1 0 0 1 1 2 0 1 1 1 1 1 1 2 0 1 1 2 0 1 0 1 0 0 1 0 0 0 1 0 1 2 0 0 1 0 0 0 3 1 4 0 1 1 0 1 2 2 0 0 1 2 2 1 2 1 2 0 0 1 0 0 0
2 2 1 2 1 1 1 1 1 1 0 1 0 1 1 0 0 1 1 1 0 1 1 0 0 0 0 1 0 3 3 0 0 2 0 1 1 2 0 1 1 1 0 1 0 2 1 1 1 2 5 0 2 1 0 1 0 1 0 1 1 1 2 1
1 1 1 0 0 1 1 1 0 1 2 1 1 6 0 3 0 2 1 1 0 0 0 0 1 1 1 2 0 0 1 1 2 3 0 4 1 3 3 0 0 1 0 0 1 1 1 0 1 2 0 2 1 0 0 0 0 1 1 0 1 0 2 1
1 1 1 2 3 1 1 0 1 1 0 1 0 4 2 2 0 1 1 3 1 2 0 2 0 1 0 1 0 1 1 0 0 1 4 0 2 0 0 2 0 0 1 1 0 0 0 1 0 5 0 1 3 1 2 3 0 2 0 2 0 4 1 0
0 0 6 1 2 1 0 2 2 1 1 1 5 1 2 1 1 1 2 2 0 0 1 1 2 1 1 1 0 0 1 1 1 1 3 3 1 1 2 2 1 2 6 0 0 0 2 1 0 0 0 1 3 1 0 2 1 2 0 0 2 0 5 2
4 0 2 0 3 1 1 0 1 0 1 0 0 1 0 1 0 0 1 1 0 1 0 2 1 1 1 2 1 0 0 1 1 0 1 0 2 0 2 2 1 1 3 3 0 1 2 0 1 1 0 0 2 0 1 1 0 3 2 1 2 2 1 3
1 1 0 0 0 0 0 2 2 0 0 3 0 1 0 0 0 1 0 1 1 0 0 0 2 1 1 2 0 1 0 3 1 1 2 1 0 1 0 1 0 1 1 0 1 0 1 1 2 0 0 0 3 0 0 1 1 5 1 1 0 0 1 1
1 1 2 1 4 0 0 1 0 2 2 0 0 1 1 0 4 2 0 0 0 1 1 0 0 1 0 0 1 1 0 2 1 0 2 1 1 1 0 1 1 0 1 3 1 1 1 2 1 4 0 3 0 1 1 4 1 3 0 0 0 0 0 0
7 0 6 3 1 0 0 0 2 0 1 0 0 1 0 0 1 0 1 0 0 0 1 0 1 1 0 1 2 1 1 2 1 2 1 1 2 1 1 0 1 1 0 2 1 1 1 1 1 1 2 0 1 1 0 0 0 0 0 0 1 0 1 0
1 0 2 1 2 1 0 3 0 2 1 1 2 1 0 1 0 0 1 0 1 1 1 0 2 1 1 1 1 0 0 1 0 1 2 0 3 1 0 0 1 2 2 0 2 0 3 1 4 1 1 1 0 0 1 0 1 1 1 1 1 1 1 1
1 1 0 2 2 2 0 1 1 0 0 0 2 1 1 1 1 3 1 0 0 0 2 0 0 1 1 0 1 0 1 1 1 0 0 2 2 1 1 3 0 0 1 2 2 2 1 1 3 0 1 1 1 0 0 1 1 1 0 2 0 3 1 3
1 1 0 4 0 2 3 3 0 0 1 1 0 0 0 1 0 0 0 0 0 1 9 1 9 1 3 0 0 0 1 0 2 0 0 0 3 0 0 0 1 1 2 1 1 0 1 2 2 3 2 0 1 1 0 0 1 0 0 0 1 4 1 2
0 1 1 1 2 3 1 1 1 0 2 3 1 1 1 1 0 1 1 1 1 0 2 0 1 0 0 0 0 2 0 1 0 0 1 1 1 2 1 0 1 1 0 0 1 0 0 1 1 0 0 1 2 1 2 1 0 0 1 0 1 1 0 4
2 2 0 2 0 1 0 1 1 0 2 0 0 0 0 1 0 0 1 0 1 0 4 0 0 0 0 1 1 2 0 1 0 2 1 0 1 2 1 0 1 0 1 0 1 1 4 0 0 0 1 0 1 2 1 4 2 0 0 0 0 1 0 0
1 1 0 1 0 0 0 0 2 3 2 2 1 1 2 0 0 0 2 1 1 1 1 0 1 0 1 0 1 1 0 1 0 1 1 1 1 1 1 1 1 1 0 1 1 0 0 1 1 1 1 1 1 0 1 0 0 1 2 0 2 1 0 4
1 2 0 1 0 0 0 1 1 0 1 2 0 1 1 0 2 0 1 0 1 0 0 0 1 1 0 1 1 0 2 1 1 2 1 1 3 1 1 1 2 1 0 0 1 0 1 0 2 1 1 1 1 1 0 3 2 1 1 1 1 0 1 1
0 3 0 3 0 2 1 1 1 0 0 0 0 0 2 1 2 1 1 0 1 0 2 1 0 0 1 0 1 1 0 0 0 1 0 1 1 1 2 0 1 0 0 0 1 1 0 0 1 0 1 1 0 0 0 1 2 1 1 1 0 1 1 1
1 3 3 0 0 0 1 1 1 1 3 4 4 2 2 1 0 1 2 4 2 1 0 0 2 0 0 0 0 0 2 0 1 1 0 0 0 1 1 2 0 0 0 3 3 3 2 0 0 0 1 0 2 1 1 0 0 1 0 1 1 1 0 1
2 1 0 0 0 0 0 1 0 1 0 1 0 1 2 0 2 2 0 1 0 4 1 1 1 1 4 4 2 0 1 0 0 0 1 2 0 0 0 2 0 1 1 2 1 1 1 2 1 3 1 5 0 2 0 0 0 1 0 2 1 1 1 1
0 4 0 3 1 0 0 0 9 1 1 2 1 0 0 0 2 0 1 1 3 1 1 0 1 1 1 0 0 0 0 1 0 1 0 2 3 1 2 1 2 0 2 2 0 3 2 0 1 1 1 2 0 1 1 0 0 1 1 1 1 1 0 0
1 1 1 0 2 1 1 1 1 0 0 1 0 1 0 1 1 1 0 0 1 3 1 1 1 1 0 2 0 2 0 0 0 1 0 2 0 1 1 2 2 0 0 1 0 2 1 0 0 1 1 0 1 1 1 1 0 1 1 2 1 0 1 3
2 2 3 0 2 1 0 0 1 0 1 0 1 0 1 1 0 2 1 0 1 2 1 2 1 2 2 4 1 4 1 3 0 2 1 1 0 0 1 1 0 0 0 0 0 1 0 0 1 1 1 1 1 2 5 1 0 1 1 0 0 0 1 1
2 1 1 1 1 1 1 4 1 1 0 0 1 0 1 0 0 1 2 1 1 1 0 1 1 0 1 3 0 1 1 0 1 1 0 2 2 2 0 0 0 1 2 0 1 2 1 0 1 0 0 1 2 1 1 0 2 1 1 2 1 1 1 1
0 1 0 0 3 2 0 0 1 1 2 0 1 0 0 0 0 1 1 3 1 0 1 1 0 1 2 0 3 1 1 0 0 2 0 0 0 1 0 0 1 1 0 0 1 0 1 2 3 2 0 3 0 2 1 0 0 1 1 0 1 0 0 0
9 1 1 3 0 1 3 2 1 2 1 1 0 0 0 0 1 1 0 2 1 2 1 3 1 0 3 0 0 0 0 0 0 1 0 0 0 1 0 1 2 0 0 2 1 0 3 1 1 1 1 1 0 4 0 2 0 0 0 2 0 1 1 1
1 1 1 0 3 1 1 1 2 1 1 2 0 2 1 0 0 1 1 1 1 3 1 0 1 0 1 1 2 1 1 0 1 1 2 2 1 0 0 1 2 2 1 1 1 2 0 1 0 2 1 4 1 2 1 1 1 0 0 1 1 1 1 2
1 1 0 2 0 1 1 0 1 0 1 0 0 1 1 0 0 3 0 0 1 1 0 1 3 1 3 0 4 10 0 1 2 0 1 0 1 1 0 1 2 1 2 1 2 1 0 0 0 0 2 2 3 1 4 1 2 1 3 0 3 0 1 2
0 1 0 4 1 2 2 2 2 0 3 0 0 1 0 2 0 2 1 1 1 1 3 0 0 0 0 4 5 1 1 2 0 0 2 0 0 2 0 1 1 0 3 0 0 0 0 3 0 1 0 0 2 0 0 0 1 2 0 1 3 2 0 2
1 0 0 0 1 2 0 1 1 1 1 0 0 0 0 2 0 1 0 0 0 1 2 1 0 1 1 0 4 0 1 2 2 0 3 0 0 2 0 0 1 0 1 2 0 1 1 1 0 1 0 1 3 2 2 1 0 0 1 0 2 0 2 0
1 2 0 3 1 1 1 1 0 0 1 2 0 3 0 4 0 0 1 1 1 1 1 1 1 2 0 0 3 1 1 1 1 1 0 2 0 2 1 2 1 3 4 1 1 0 1 2 0 0 0 0 2 1 0 4 1 1 0 0 1 1 1 1
0 0 2 1 0 1 0 0 0 2 0 0 0 0 0 1 3 0 1 1 0 0 1 0 0 0 1 1 3 1 0 0 1 1 0 2 0 1 0 2 0 2 2 3 1 0 0 1 2 1 0 1 1 1 1 2 0 0 0 1 0 0 1 1
1 4 1 1 1 0 0 0 0 3 3 1 1 1 1 2 0 1 1 2 2 1 1 1 1 1 1 1 0 1 0 1 0 0 1 1 1 0 0 1 0 1 0 0 1 1 2 0 2 0 1 0 0 1 2 1 0 1 1 0 0 0 1 2
3 0 2 1 1 1 1 1 0 4 2 0 1 1 3 0 3 1 1 0 3 1 0 1 1 0 2 0 2 1 1 2 2 0 2 0 1 0 0 2 1 1 0 1 1 0 1 1 2 0 0 1 0 1 0 0 1 0 1 0 1 1 2 0
1 3 0 0 1 1 1 1 2 1 1 1 0 1 1 1 2 1 0 1 1 0 0 2 1 1 3 1 3 3 1 2 1 1 2 0 2 0 0 0 1 1 0 1 2 1 1 1 3 1 1 0 1 0 1 0 0 1 1 0 1 1 0 1
3 0 0 1 2 4 0 0 1 4 1 1 1 2 1 0 2 1 0 1 1 1 0 0 1 2 0 0 1 3 1 0 0 2 0 1 1 1 1 0 0 3 1 1 3 2 0 1 2 0 3 1 0 1 2 1 0 0 0 0 0 1 1 0
1 1 0 0 1 5 0 1 0 2 0 0 2 0 0 0 1 0 0 4 1 2 1 1 0 1 0 2 1 1 0 0 0 4 0 0 0 1 3 0 1 1 1 3 0 0 1 0 3 0 1 1 1 0 0 0 0 0 0 1 0 1 3 0
0 0 1 0 0 6 0 2 0 1 1 0 3 0 1 0 1 0 0 0 0 0 1 0 1 0 0 1 2 2 0 1 0 1 0 3 2 1 1 1 2 3 0 1 0 0 4 1 2 1 1 1 1 0 0 0 0 0 1 1 0 0 1 1
3 1 1 3 1 0 0 1 1 0 4 2 1 0 0 1 0 1 4 2 0 0 1 3 0 3 0 0 1 2 0 3 1 1 0 1 0 0 1 0 0 2 1 0 0 0 1 1 1 1 1 0 5 3 0 1 0 0 0 1 0 1 1 0
2 1 3 1 2 1 0 1 3 1 2 1 1 1 0 0 1 1 1 0 4 0 0 0 1 1 2 0 1 3 0 1 3 0 3 2 0 2 3 1 0 0 1 1 1 1 0 1 1 2 1 1 0 2 0 0 1 2 0 0 1 1 1 0
1 0 1 0 0 0 1 1 0 2 3 1 0 5 1 1 0 2 3 0 0 1 1 0 3 2 0 0 1 1 0 0 1 2 2 1 3 1 0 0 1 1 1 1 1 0 0 0 2 0 0 2 2 0 0 0 0 0 0 0 0 1 1 1
1 1 2 0 0 0 0 1 1 1 0 2 0 0 0 1 1 1 0 0 0 2 0 1 1 0 4 0 3 0 0 0 2 0 0 1 4 0 3 0 0 0 1 0 1 2 2 1 1 2 1 0 1 0 0 1 1 0 0 0 0 1 0 1
0 1 2 0 0 0 1 2 2 0 1 1 2 1 0 0 0 1 3 3 1 2 0 0 1 2 0 3 2 1 1 1 0 3 1 2 1 1 2 2 1 1 0 1 1 0 0 1 2 0 0 1 1 1 1 1 0 1 0 1 0 1 1 0
2 1 0 0 0 1 1 1 0 1 1 1 1 1 1 0 2 0 3 3 2 2 0 1 0 1 1 4 0 0 0 1 1 1 0 0 1 1 0 0 1 0 0 0 1 0 1 0 1 2 3 1 0 1 3 0 2 0 1 1 0 0 1 1
