483 381 65 41 318 109 554 555 491 490 840 981 260 247 108 869 277 263 162 146 580 189 731 407 109 198 1013 917 10 833 882 823 708 433 4 31 6 262 450 456 419 605 492 460 603 618 318 387 499 662 73 28 667 933 257 548 929 153 910 835 232 380 49 896
919 291 804 914 848 17 220 443 326 185 900 446 0 404 705 1010 10 402 374 775 903 631 275 397 756 463 84 79 23 621 391 406 470 228 853 167 1004 137 363 918 315 337 852 894 575 98 274 71 701 374 723 988 318 471 157 717 655 736 911 629 350 887 527 333
222 143 561 212 709 840 803 186 578 660 586 482 318 930 310 886 225 214 262 98 444 397 373 436 682 484 870 244 129 689 702 527 687 317 194 154 877 465 788 825 426 356 616 339 509 459 385 672 637 529 530 619 633 587 357 508 791 712 573 841 857 338 581 685
758 587 474 256 789 171 811 685 332 606 363 536 480 509 517 424 748 190 879 350 701 297 282 810 547 173 442 873 502 420 603 353 186 418 339 467 801 518 664 670 269 187 499 779 905 685 214 284 624 377 793 789 348 354 599 397 551 843 684 442 525 607 317 692
781 661 158 545 349 526 244 612 656 307 712 786 149 247 408 758 333 235 758 485 206 374 758 472 879 246 237 393 89 508 280 754 446 909 176 801 762 744 828 856 860 397 299 870 871 364 796 134 609 696 649 326 163 899 617 780 769 624 186 579 616 343 840 788
294 495 731 837 500 261 764 545 254 458 133 191 847 810 810 135 755 245 298 230 330 428 250 198 413 558 502 166 477 868 629 713 231 678 450 875 701 523 565 794 651 671 730 499 213 332 327 352 232 157 546 246 670 793 441 733 888 509 392 487 762 874 431 725
837 284 777 710 258 150 294 767 758 536 223 715 156 665 908 322 519 845 690 247 227 569 417 246 447 123 182 101 715 557 248 666 364 450 721 631 125 289 447 518 840 774 777 140 623 672 591 663 793 739 450 337 838 598 883 386 700 680 704 617 819 707 915 802
421 317 667 725 183 577 768 699 374 830 294 294 668 408 852 495 229 240 786 545 529 110 664 412 785 118 892 397 852 456 421 617 621 127 292 300 486 664 315 912 893 705 891 538 753 880 135 905 434 739 558 618 547 465 921 822 232 754 311 588 369 760 953 912
446 149 720 382 693 161 920 723 672 295 257 627 356 859 607 432 547 398 722 463 842 743 271 228 231 358 222 463 148 634 759 671 815 398 914 505 246 792 583 687 730 545 410 327 129 895 501 468 577 769 546 349 257 905 505 615 776 409 889 523 308 365 714 903
216 593 732 519 801 674 521 761 897 460 148 668 619 245 429 599 914 314 744 668 770 912 247 250 514 309 411 128 617 382 227 543 576 545 661 767 407 243 251 650 284 245 121 827 552 764 612 458 706 490 266 345 94 303 452 807 702 841 925 251 326 308 231 353
507 642 444 176 889 671 218 256 871 178 871 201 802 132 305 129 700 724 913 854 356 260 594 738 606 271 511 747 699 822 743 700 674 582 279 850 401 833 473 244 390 804 504 277 884 715 551 787 294 178 303 508 265 546 125 860 886 338 566 462 449 230 629 728
349 452 485 837 542 778 766 810 850 838 955 88 886 443 268 289 206 493 586 143 426 818 193 696 252 612 533 905 282 826 112 550 522 521 199 181 100 886 443 282 175 664 518 515 237 471 238 245 784 246 621 904 109 877 461 455 301 171 896 591 580 161 524 733
419 124 333 692 761 847 842 956 437 725 909 522 438 129 707 394 486 137 635 575 796 259 169 549 288 686 697 208 127 423 250 761 199 750 787 325 769 879 591 911 494 649 227 499 690 484 269 548 905 809 903 452 211 356 524 593 234 689 226 679 183 150 827 272
810 305 729 120 860 646 330 798 404 745 570 443 529 457 515 812 494 489 298 654 284 708 122 609 455 705 368 833 395 706 260 648 340 849 903 322 945 192 382 792 786 382 189 766 338 723 664 632 244 842 830 369 387 766 529 340 693 493 308 803 386 755 428 667
798 579 245 531 744 189 502 299 680 797 608 345 123 455 263 894 600 144 321 270 643 293 185 571 492 300 495 148 347 184 322 862 293 894 164 305 633 405 385 184 424 554 865 370 455 603 887 617 720 875 896 187 515 548 479 823 764 394 615 296 224 495 658 774
355 370 768 594 167 698 326 606 191 812 838 666 712 276 685 629 326 144 332 765 827 801 300 333 662 588 330 373 230 835 221 594 624 394 339 225 424 211 333 148 569 805 598 736 551 158 626 499 729 747 859 761 726 734 868 337 771 778 458 687 185 507 596 853
853 294 122 505 529 150 212 531 755 489 638 157 295 910 426 861 772 416 500 786 213 568 253 697 307 211 209 192 119 641 379 261 475 766 834 823 286 302 828 91 497 514 326 327 156 305 731 297 467 343 487 329 778 141 249 142 680 435 705 526 292 809 683 678
622 725 849 217 469 652 875 598 607 398 533 286 253 550 167 612 848 616 851 359 576 203 276 199 168 732 420 300 473 300 814 378 860 404 415 352 455 128 659 179 890 426 649 388 560 672 917 453 584 409 263 581 861 523 250 873 498 576 184 213 324 835 188 192
387 805 677 887 578 497 827 164 873 369 845 871 407 784 239 570 848 534 670 380 662 751 825 813 523 249 541 803 889 306 237 509 517 634 874 464 720 545 841 401 598 334 259 183 531 389 771 362 753 397 604 583 312 762 690 449 407 148 241 92 544 243 524 421
606 665 715 388 182 267 817 797 741 603 748 380 166 465 808 207 750 752 369 644 383 757 633 320 881 335 773 222 396 269 342 663 158 177 228 480 253 458 362 366 628 421 763 318 734 684 600 767 903 729 831 925 666 734 165 125 97 616 246 424 466 569 381 398
240 453 678 813 201 309 595 845 440 738 520 474 740 735 172 886 261 271 767 668 544 341 265 713 225 528 169 231 113 318 265 831 475 518 668 787 782 839 837 307 837 343 678 558 358 631 916 520 870 624 500 807 689 425 232 700 333 373 115 746 128 450 443 278
686 116 250 483 502 241 108 891 110 771 688 201 316 269 379 825 410 369 786 724 150 505 367 544 585 772 289 770 501 689 736 481 157 498 486 402 778 736 521 812 332 330 817 296 788 755 269 294 445 184 330 878 903 335 548 151 864 306 200 361 367 438 491 766
814 225 361 730 353 830 685 470 832 400 236 834 750 578 607 654 417 204 423 570 210 522 578 471 334 450 610 326 428 134 212 214 180 513 389 852 611 710 275 832 489 795 531 791 286 708 127 896 322 730 676 677 845 599 181 499 448 637 830 411 410 461 514 936
959 505 616 333 781 402 357 346 604 619 282 299 437 438 233 335 882 540 392 819 286 812 573 218 656 589 481 428 774 477 302 175 661 462 510 514 386 722 531 836 336 754 735 456 368 859 304 184 656 382 164 220 115 486 539 408 794 571 163 215 697 760 711 843
608 530 826 340 618 239 202 892 554 718 465 684 76 200 123 108 646 481 538 326 735 895 156 313 809 787 299 427 704 806 888 415 741 263 180 316 263 147 514 843 154 224 336 771 402 740 820 688 422 865 739 698 626 880 455 464 625 449 253 661 194 730 770 796
430 748 878 361 687 142 878 417 500 587 377 851 347 721 116 472 832 387 879 234 404 493 761 561 491 114 563 264 364 272 827 796 893 231 654 725 873 488 886 315 266 831 549 263 815 630 132 952 387 621 749 849 698 390 262 161 442 166 206 395 278 478 857 182
144 474 461 376 188 351 521 818 855 169 681 382 551 874 396 314 554 597 589 822 261 560 246 287 241 569 120 866 98 586 259 514 626 586 697 371 148 625 356 153 803 304 508 348 874 252 619 712 722 628 425 674 478 768 97 759 225 419 98 96 482 489 106 117
854 154 664 692 470 515 278 143 287 338 485 688 238 768 805 489 331 189 680 455 201 306 488 801 481 750 300 418 354 143 774 205 194 341 117 547 97 536 603 765 293 515 734 808 361 537 910 348 204 905 421 559 618 166 233 912 619 684 783 554 656 348 749 749
266 333 788 430 722 168 312 858 290 300 718 277 670 862 298 588 579 849 717 793 767 894 518 598 404 526 577 163 410 176 429 234 447 129 380 555 557 351 339 302 142 494 895 390 836 510 263 611 315 799 758 155 485 497 761 878 284 761 736 140 345 313 480 702
200 853 179 189 180 846 394 452 791 381 275 889 885 867 663 799 227 648 227 678 489 474 305 744 354 392 328 642 354 473 540 782 688 136 838 246 474 698 101 196 517 288 544 127 555 706 429 223 239 198 796 434 409 479 470 231 834 207 433 311 891 487 283 504
686 677 885 683 674 550 437 559 669 206 878 150 480 861 907 188 423 852 441 794 742 906 655 762 685 502 469 334 515 559 851 678 731 243 869 519 353 255 311 464 224 595 774 527 820 676 670 320 114 438 236 850 434 640 545 239 574 629 409 737 902 513 740 620
505 457 879 551 905 851 445 97 665 182 621 202 700 330 212 405 488 838 442 536 518 640 431 382 327 582 255 875 660 508 797 244 826 324 477 587 299 634 182 426 409 564 420 601 816 403 809 815 874 530 604 297 891 556 625 767 333 661 333 766 571 277 841 644
695 148 317 725 222 139 876 191 685 387 287 682 438 527 389 225 766 761 329 883 274 490 513 648 601 809 393 422 201 456 876 221 505 137 580 340 482 139 125 624 642 523 529 393 243 376 536 331 286 159 697 98 397 375 873 755 349 794 241 875 891 929 824 816
742 143 748 202 539 105 734 59 322 131 664 168 490 403 828 780 315 443 510 495 780 349 918 465 930 771 300 796 527 305 316 91 497 328 399 62 535 381 477 775 257 451 357 146 182 241 773 170 776 608 426 521 441 546 346 679 875 667 737 342 659 492 827 365
432 336 430 462 780 471 592 804 751 702 668 522 352 875 644 886 486 723 838 424 375 289 794 717 485 460 849 586 434 687 181 689 710 763 224 444 279 311 111 795 766 277 200 672 872 190 591 270 281 651 231 593 232 271 592 566 223 650 296 516 569 550 613 864
312 748 877 780 389 483 788 780 709 612 724 326 899 858 434 204 167 260 268 629 447 435 498 511 170 557 611 315 445 806 531 844 292 445 513 122 816 361 163 194 537 615 827 182 238 395 268 372 120 405 94 162 132 517 94 259 486 261 145 743 589 158 907 677
796 534 519 928 873 632 400 918 613 442 510 350 496 377 830 382 323 529 837 802 874 287 208 814 412 177 447 703 733 496 244 473 555 223 465 397 835 299 297 465 482 367 689 336 467 278 806 425 126 496 637 856 269 624 519 573 581 205 854 329 195 819 779 426
914 676 545 752 841 932 317 227 571 777 468 595 872 526 852 555 881 670 490 473 310 614 347 718 869 218 546 367 541 887 875 718 563 340 293 556 209 345 197 226 453 138 409 569 804 460 611 490 608 314 313 225 747 790 451 849 336 558 518 464 827 667 168 276
671 348 720 386 790 487 367 285 590 484 468 830 889 290 265 263 348 477 375 469 519 558 429 789 113 668 226 370 750 385 393 558 722 424 479 798 85 540 191 231 101 799 229 869 232 317 796 169 191 724 381 750 359 777 708 318 133 238 850 870 536 458 248 511
364 169 714 157 261 504 891 876 416 845 199 885 560 867 145 445 566 164 574 249 267 156 727 861 369 780 778 137 618 98 311 406 428 800 112 812 280 442 217 737 615 676 230 628 312 860 354 901 480 294 726 252 589 687 863 806 898 579 263 664 121 804 740 260
325 578 744 415 838 698 462 466 613 908 281 518 604 475 111 755 293 428 758 321 185 136 414 220 793 787 885 787 740 495 775 535 430 904 396 164 249 373 413 164 181 853 701 949 208 482 621 181 169 738 398 129 401 254 890 663 707 182 310 122 573 307 620 285
285 776 156 634 446 813 887 686 747 262 924 649 584 369 509 806 643 630 551 294 183 259 840 706 915 779 933 167 334 805 563 319 550 276 258 189 706 159 813 807 555 475 396 492 876 471 677 290 528 377 268 268 226 535 442 309 230 865 567 480 793 259 333 627
892 896 183 210 429 723 723 641 899 521 452 421 387 343 795 490 748 228 270 73 864 174 875 545 414 130 801 229 866 421 241 462 812 437 203 469 306 368 560 761 399 824 166 715 759 754 393 738 219 163 844 466 494 544 410 328 499 220 446 99 137 104 686 753
617 928 884 813 401 387 896 623 425 382 552 412 169 286 757 761 855 803 210 506 576 146 940 637 634 579 181 786 283 809 453 743 242 768 736 572 407 458 500 853 546 642 728 280 221 123 421 156 902 787 516 479 318 94 849 347 487 522 350 177 906 498 854 609
956 190 905 234 280 99 482 86 145 270 533 675 861 453 312 780 564 707 853 425 657 494 760 286 326 831 597 932 762 744 726 644 275 744 344 811 769 307 816 224 210 662 261 537 351 580 355 391 408 696 390 261 249 613 519 135 489 512 861 519 394 302 796 314
774 297 129 774 122 448 792 430 141 186 97 516 452 523 722 379 385 167 462 302 475 215 245 665 265 928 905 303 736 427 828 893 282 861 670 203 157 761 622 505 419 580 478 745 297 871 112 504 326 701 298 814 187 191 427 703 623 392 138 647 397 632 894 830
110 434 424 870 582 376 454 146 371 416 550 546 502 420 140 272 241 660 778 318 660 742 754 743 234 744 825 925 466 649 734 385 444 751 351 626 735 410 809 554 210 780 619 401 659 404 524 157 773 804 377 917 217 709 227 471 844 534 590 282 533 250 472 757
635 636 244 307 191 221 690 710 305 347 165 832 760 729 559 406 701 526 579 266 780 311 442 447 360 882 820 378 520 164 618 586 366 748 862 726 548 831 669 491 435 269 225 419 284 852 500 717 829 251 143 548 405 308 151 240 330 486 558 147 718 861 391 168
709 406 130 140 555 103 675 597 136 623 591 581 811 389 305 518 700 864 836 711 174 254 286 301 90 648 214 271 502 71 744 103 267 638 170 440 247 285 620 243 543 801 766 776 532 318 753 594 679 479 532 90 451 690 835 273 768 171 124 674 127 353 496 152
724 802 605 657 530 718 784 543 694 795 715 914 800 750 671 666 837 686 640 495 851 430 179 612 682 904 111 691 566 380 358 850 684 780 646 511 178 558 479 159 913 427 285 363 843 147 500 127 202 99 798 259 617 280 212 204 230 705 801 656 276 672 889 759
653 239 623 349 797 500 238 552 321 338 665 809 648 290 286 565 785 688 832 635 792 494 397 703 637 693 265 539 409 495 847 458 498 837 419 198 657 84 372 401 833 489 879 324 499 160 553 822 729 136 286 712 200 661 602 789 341 177 385 827 470 841 773 638
572 205 713 213 136 196 245 110 860 582 669 812 604 301 720 188 489 692 474 910 205 533 261 918 621 881 206 919 257 688 870 523 799 532 692 311 237 544 619 843 188 855 181 742 813 481 245 724 179 651 563 374 131 756 234 814 743 614 357 225 508 619 775 923
545 600 293 290 346 288 782 619 842 231 317 730 152 455 640 760 873 546 712 693 844 416 486 725 623 649 803 682 417 667 808 417 567 726 315 347 643 658 492 487 675 891 743 770 826 688 705 371 793 390 792 736 480 604 272 828 221 222 878 892 358 639 809 246
564 914 625 631 829 668 412 213 263 88 745 435 371 569 628 810 428 225 601 147 591 695 569 793 740 226 629 879 535 708 751 562 851 123 142 464 833 697 813 867 771 652 560 751 612 729 826 565 752 733 168 475 753 570 846 506 619 825 150 249 269 675 765 888
900 467 751 206 679 399 736 93 830 341 786 130 508 407 129 525 228 716 249 571 318 151 289 517 694 325 153 212 308 820 326 784 590 396 112 557 129 716 890 147 615 289 852 576 508 816 758 737 822 203 903 735 573 648 299 852 123 219 595 491 850 589 569 347
699 583 935 216 672 190 561 455 238 299 481 319 473 145 758 299 842 377 814 236 272 201 115 515 336 193 537 69 198 304 869 269 391 246 711 437 759 864 394 697 660 709 344 350 858 159 205 515 115 239 179 415 607 894 737 747 778 583 235 631 129 478 262 594
536 163 433 792 387 168 122 844 594 462 842 620 239 424 503 793 517 386 565 209 280 121 299 787 536 305 428 79 393 626 753 502 637 497 166 746 199 437 493 780 856 779 401 714 648 167 190 394 153 636 127 792 481 338 203 506 500 725 448 603 336 370 523 518
676 180 527 421 78 515 201 853 463 236 343 718 237 723 806 207 126 840 181 704 524 517 398 313 147 734 494 787 487 514 691 219 353 820 589 746 249 314 598 682 422 272 264 329 594 124 414 116 824 343 369 384 614 489 275 760 618 430 340 285 679 183 593 747
742 513 336 260 350 134 661 285 526 405 300 144 77 733 155 621 648 571 804 706 158 599 159 531 393 512 205 902 472 486 878 401 652 191 218 601 90 170 328 544 491 387 389 344 719 710 509 245 699 517 185 804 307 642 627 580 145 805 759 445 175 768 500 249
214 683 370 301 539 439 207 201 100 79 129 135 184 390 763 369 890 384 855 631 819 584 426 805 88 744 206 534 727 827 191 734 289 739 406 785 590 605 417 192 110 523 661 107 139 441 508 206 511 128 202 500 636 378 651 333 267 472 166 593 508 406 878 386
644 867 558 313 611 588 846 97 707 743 357 101 457 633 210 316 854 499 564 547 666 582 806 255 813 570 702 595 307 458 850 232 655 239 489 159 887 116 851 611 351 210 371 589 869 290 169 875 529 877 319 790 190 382 100 181 385 328 261 243 318 255 826 473
264 761 470 613 448 502 454 579 393 364 300 396 501 515 468 378 308 348 426 766 644 563 638 465 866 800 911 809 529 300 450 202 147 747 288 160 243 404 271 267 363 162 325 515 807 134 795 896 518 340 307 509 866 368 556 171 445 725 523 227 396 381 560 296
739 707 283 786 669 498 521 408 539 465 495 120 423 76 205 202 551 507 639 637 563 735 759 545 873 688 245 190 99 648 457 231 879 630 554 432 97 154 114 350 624 448 256 82 123 434 388 137 202 543 166 609 664 213 290 200 521 370 642 357 489 537 324 459
716 557 365 638 615 389 155 133 192 324 243 649 868 118 872 363 216 129 329 263 243 832 713 366 186 592 505 161 132 168 447 608 619 795 227 918 688 798 416 516 823 634 511 282 314 469 609 876 877 896 788 709 653 175 794 592 133 593 351 490 408 585 480 352
