466 378 144 83 331 148 530 508 517 526 764 875 295 353 137 776 259 307 207 174 564 216 674 380 226 267 854 844 148 824 789 783 666 428 78 77 61 263 420 455 428 587 498 482 573 580 356 415 461 592 163 156 587 834 335 551 870 245 856 752 278 457 133 848
833 331 743 763 762 102 288 416 385 265 797 458 113 471 588 903 74 433 373 676 799 576 343 397 695 447 161 186 116 611 402 442 491 257 767 179 878 196 392 809 359 402 775 791 561 180 328 149 639 394 670 885 336 507 239 687 650 706 854 627 395 827 505 403
221 141 561 213 709 840 802 185 578 660 585 482 318 931 305 886 224 212 262 98 443 398 375 436 683 483 868 243 131 689 702 527 684 316 196 154 878 464 789 825 427 358 616 339 508 457 384 672 637 529 529 619 632 586 357 508 792 712 572 842 857 338 580 684
758 582 474 255 791 172 812 686 332 605 363 537 480 509 517 424 749 191 877 349 699 299 282 809 546 173 442 873 500 420 604 354 186 417 339 466 803 516 664 667 269 187 499 778 904 683 213 284 623 378 792 788 347 353 599 396 550 843 684 441 526 607 319 692
779 661 159 543 349 526 244 612 657 309 713 786 146 247 410 758 333 237 757 484 206 374 756 472 878 245 237 393 90 508 280 754 444 907 176 801 762 743 827 855 859 399 300 872 870 363 799 134 611 696 649 326 163 899 618 780 770 623 186 579 616 343 841 788
293 495 733 835 500 260 763 545 255 458 132 192 846 809 808 134 755 244 299 230 331 429 250 198 414 558 502 165 476 868 629 711 230 680 451 875 701 522 567 793 651 669 730 499 214 331 328 352 233 158 545 247 668 793 440 733 885 508 390 487 764 874 432 725
838 286 778 709 258 150 294 767 760 537 223 714 156 665 909 321 519 846 691 246 226 569 415 245 446 123 180 100 711 557 246 666 363 449 720 631 126 289 447 518 840 774 775 138 622 671 590 663 794 739 450 335 838 597 883 386 701 680 705 617 819 707 915 802
420 320 668 727 183 578 767 699 376 831 293 294 667 409 851 495 229 240 784 545 529 110 664 414 783 118 887 396 850 457 419 618 621 128 292 300 484 664 315 912 894 704 893 538 754 879 135 906 435 739 557 617 546 465 922 822 233 754 314 590 369 760 954 912
444 148 719 383 692 161 919 722 672 294 257 628 355 859 606 433 547 399 722 462 841 742 272 227 231 358 222 463 147 633 759 671 814 398 915 505 245 793 582 687 730 547 408 327 129 895 500 470 578 772 546 348 260 905 505 615 776 408 885 523 307 361 720 904
217 594 733 519 802 672 521 762 896 461 149 669 618 248 428 598 914 314 744 668 771 912 246 249 513 309 411 126 616 382 227 541 577 545 659 767 407 243 252 649 285 245 120 826 554 764 613 460 707 490 270 346 96 305 452 807 703 842 926 251 325 309 231 353
507 642 443 176 889 672 219 256 869 179 871 202 801 133 307 129 698 723 915 854 354 260 596 737 607 268 514 751 702 821 746 700 675 584 278 850 401 834 472 244 389 805 503 278 884 716 550 788 294 177 299 505 267 544 126 860 888 341 564 463 448 227 628 727
349 452 486 839 540 777 766 809 848 839 956 88 887 443 267 289 208 494 586 142 427 815 194 696 252 610 533 905 281 825 112 550 523 521 199 181 100 886 438 282 176 665 518 514 238 470 238 244 783 245 623 903 110 874 460 455 301 169 898 588 581 161 528 736
413 124 331 693 761 843 843 956 436 725 909 521 438 131 708 394 486 137 636 575 798 258 169 549 288 685 697 207 126 422 250 762 200 748 787 322 767 879 591 909 494 648 226 499 690 486 268 547 904 810 903 452 211 356 526 593 234 689 227 682 184 147 826 272
808 307 729 120 858 644 330 799 405 746 570 442 532 456 517 811 493 488 298 653 282 708 122 609 455 708 369 836 395 706 260 649 341 849 905 322 944 193 381 792 788 381 188 766 338 722 664 632 243 841 830 366 387 766 529 341 695 493 308 802 386 754 427 668
795 579 243 531 745 187 505 300 680 795 606 345 124 456 263 893 600 145 320 273 644 293 184 572 491 299 495 149 347 183 323 861 293 893 164 304 634 405 388 185 424 555 866 371 455 603 887 619 719 873 897 188 515 547 476 824 764 394 617 295 224 495 657 775
356 370 768 594 168 700 326 606 192 812 838 666 709 275 685 627 326 143 333 764 826 801 300 333 663 587 330 371 230 835 221 595 624 394 339 225 423 210 332 150 568 803 598 737 553 158 627 500 729 749 858 763 726 736 868 339 771 778 458 686 184 507 597 853
854 295 122 504 530 150 210 532 755 489 637 158 298 912 427 860 772 416 498 789 213 568 255 697 307 211 209 193 117 642 376 262 474 767 835 821 286 305 829 91 495 518 326 326 154 305 730 297 467 343 487 329 777 141 249 144 680 435 705 526 292 810 685 678
622 725 848 215 469 651 872 597 602 398 532 285 252 545 166 611 847 616 848 360 574 204 275 198 163 731 419 300 474 299 812 379 861 405 414 352 452 128 660 180 889 426 649 388 560 672 918 452 583 409 263 582 861 525 250 874 499 574 185 216 324 836 189 192
387 804 676 886 578 497 827 164 873 369 844 869 407 783 237 570 850 534 667 382 662 751 824 813 520 249 541 803 889 305 233 509 518 633 877 464 719 544 843 400 599 334 260 183 532 389 771 361 751 395 604 583 311 762 690 448 407 149 242 91 544 242 524 420
609 665 715 390 183 265 816 795 740 603 749 381 169 467 808 206 752 751 368 643 383 757 633 320 874 335 771 223 394 270 342 663 159 178 230 477 254 458 362 366 625 422 764 318 734 684 600 766 903 729 831 926 666 734 165 126 98 618 247 426 467 570 381 397
241 452 678 814 203 307 598 847 442 738 520 473 741 732 170 886 261 271 767 669 545 341 265 712 224 528 171 227 113 317 264 831 475 519 668 786 781 838 835 308 837 343 678 557 357 630 916 520 868 622 500 807 688 427 229 700 331 374 115 745 129 450 444 278
684 117 250 483 503 240 106 891 109 772 687 202 315 268 381 825 409 368 788 724 151 505 368 544 585 773 289 770 501 688 736 482 159 498 486 403 778 736 521 809 331 326 817 297 787 755 270 292 447 184 330 877 901 333 547 149 863 308 200 361 366 438 491 766
812 223 362 728 354 831 684 469 831 401 236 835 750 577 606 654 417 205 422 569 210 523 577 471 334 450 610 327 428 131 215 214 180 515 389 851 612 708 275 831 490 794 531 790 286 706 126 895 321 732 681 677 847 600 181 500 448 636 830 410 409 462 512 937
960 504 615 333 781 403 358 347 604 620 284 300 438 444 233 338 882 542 393 820 286 812 573 218 657 588 480 426 774 477 301 174 659 465 510 518 387 719 534 836 336 753 735 456 369 860 305 184 655 380 164 222 114 486 539 408 794 572 162 215 696 760 709 844
607 531 827 338 615 240 201 892 553 717 465 685 76 196 121 106 646 482 537 329 734 897 156 315 809 788 299 428 704 805 887 415 741 264 176 316 265 147 514 841 154 224 335 772 402 740 820 687 422 860 739 697 623 879 453 461 625 447 253 663 194 734 771 796
430 748 884 360 689 143 878 419 502 586 376 850 352 720 114 473 833 388 881 236 404 493 760 562 493 115 562 263 364 272 826 795 892 230 651 722 874 489 884 317 267 833 543 263 815 630 130 953 387 621 749 850 701 391 262 163 443 168 206 395 280 478 862 184
148 474 463 376 185 350 520 818 856 169 680 382 551 875 396 313 554 597 588 821 261 559 246 289 242 568 121 864 99 586 259 515 625 586 696 371 150 625 358 155 802 303 511 351 874 253 617 712 721 627 425 674 476 768 96 758 225 416 96 97 484 491 105 120
853 153 664 692 470 515 278 141 285 338 485 691 238 769 805 489 331 188 680 456 202 306 488 801 483 751 301 420 354 144 774 208 193 342 119 546 97 535 603 764 293 514 735 808 362 537 909 347 202 905 421 559 621 166 233 911 620 679 784 553 656 348 748 750
265 332 790 429 726 168 312 857 290 298 720 277 670 863 297 588 583 847 717 793 767 893 519 598 404 525 577 163 411 175 429 236 448 129 382 554 558 352 339 303 143 494 894 393 837 511 262 613 314 803 758 158 485 498 760 882 283 758 736 140 345 313 480 702
193 853 173 186 179 846 394 452 789 381 274 889 885 866 663 799 228 648 226 678 489 474 304 744 353 393 328 641 352 472 539 780 689 134 839 247 476 699 102 196 516 287 544 125 554 707 428 222 240 199 798 434 410 480 470 231 834 207 433 311 890 487 282 504
685 677 887 682 676 551 437 556 669 204 879 149 482 860 907 187 423 852 440 794 741 907 654 762 683 501 468 335 516 559 851 679 731 244 871 519 356 256 311 464 225 593 776 527 818 676 667 319 110 439 235 849 434 640 546 239 573 628 408 736 903 514 739 621
506 458 879 549 907 853 445 98 666 182 621 202 702 331 211 404 489 835 443 536 518 640 433 382 327 581 256 875 661 508 798 245 827 324 477 585 301 635 183 423 409 564 421 599 814 405 810 816 871 530 605 298 890 556 625 766 334 660 333 764 571 274 842 641
694 147 317 729 222 141 879 194 685 387 286 683 438 527 389 224 766 761 329 883 274 491 504 649 592 810 390 422 201 456 877 221 503 137 580 340 479 139 125 624 641 522 527 394 242 376 537 329 288 162 699 98 398 374 873 755 350 794 241 875 890 925 823 818
742 142 747 203 537 108 735 58 321 131 662 165 489 402 827 779 315 444 511 496 779 349 916 465 931 771 300 796 527 303 316 92 497 328 400 61 534 383 476 775 256 452 357 146 181 241 773 171 777 608 426 522 443 545 348 680 875 667 736 342 660 493 827 369
434 338 430 464 780 472 592 803 752 702 666 522 352 875 644 887 486 723 837 424 374 289 790 717 485 460 849 587 433 685 181 690 710 765 223 444 280 313 110 795 765 277 199 672 871 189 595 270 281 651 232 593 233 273 593 570 225 650 296 516 569 551 613 864
311 747 877 779 389 483 788 780 711 615 722 324 900 857 432 204 167 260 270 630 448 436 499 511 169 557 610 315 444 805 531 845 292 446 512 121 815 362 162 193 536 614 827 183 239 395 268 371 119 406 95 161 131 517 95 259 486 262 143 743 591 159 907 681
795 532 519 929 873 632 400 917 612 442 509 352 496 378 829 382 325 529 836 802 873 287 208 814 413 176 447 704 734 496 242 472 556 221 464 398 832 300 296 464 480 366 689 336 468 278 805 425 128 495 638 855 270 625 519 576 579 206 853 330 194 819 780 425
914 673 545 749 841 934 318 228 570 777 468 595 872 526 850 556 879 671 491 473 311 614 349 717 869 218 545 367 542 886 875 718 563 339 293 555 208 346 195 226 454 138 409 569 805 461 611 490 607 314 314 226 747 790 451 848 338 557 517 463 827 666 169 275
670 345 717 386 790 487 368 286 589 485 465 826 893 292 267 264 348 478 377 473 517 559 429 789 115 668 226 370 750 385 391 558 723 425 479 798 85 539 190 229 101 799 229 866 235 314 798 169 191 724 380 750 357 778 707 318 133 237 850 869 537 457 248 510
366 170 714 157 261 504 891 875 416 844 199 884 560 868 147 445 564 166 574 250 267 152 728 860 370 781 782 141 616 98 310 406 428 800 111 814 280 442 217 735 615 677 229 630 311 861 355 899 479 297 725 257 589 689 863 806 898 578 263 666 122 805 739 261
325 582 744 418 839 698 462 466 604 907 280 516 605 475 111 755 291 428 759 322 188 137 415 220 792 786 884 787 740 495 775 536 430 905 396 162 246 374 415 165 179 853 699 947 208 479 623 181 170 737 399 127 401 255 889 663 707 183 309 123 574 306 620 285
286 775 157 634 448 812 886 685 746 262 924 648 584 370 509 807 642 631 551 294 184 262 839 707 916 780 933 169 334 807 563 319 550 277 258 191 706 158 812 805 557 475 396 493 876 469 676 290 528 376 269 268 225 534 441 310 230 866 568 478 792 259 332 630
894 894 180 210 431 722 723 641 898 521 453 421 386 343 794 491 748 226 269 73 865 176 876 547 415 128 803 225 865 417 242 459 812 439 204 470 306 368 561 762 399 824 166 715 759 755 393 738 220 162 845 465 493 542 405 329 499 221 447 99 137 104 687 754
619 927 883 812 400 388 895 627 426 383 552 412 170 286 756 761 855 804 208 505 577 145 940 638 635 579 182 789 283 810 454 743 243 767 736 570 405 460 500 853 546 643 726 280 220 125 420 156 901 787 516 480 320 95 848 347 485 521 351 175 907 497 853 610
956 191 905 234 277 101 482 86 144 269 535 675 862 453 312 780 564 708 854 428 658 494 761 287 326 830 595 932 765 745 727 644 275 746 344 811 769 308 816 224 211 661 261 537 350 580 354 389 411 698 390 258 249 615 518 135 489 511 860 519 395 302 796 314
783 296 130 771 122 447 789 428 142 184 96 517 452 523 722 379 386 168 462 300 474 213 246 662 264 928 908 303 736 427 828 893 282 860 670 203 157 762 622 504 417 580 478 747 298 871 115 505 327 700 297 813 187 187 427 701 623 392 138 649 397 633 895 831
109 435 423 870 585 377 453 147 369 417 551 548 502 422 141 272 241 661 779 317 661 739 753 743 235 744 826 924 468 650 735 385 445 750 349 628 736 410 809 553 208 778 620 400 660 406 524 156 773 802 376 913 218 711 228 470 845 534 590 281 532 251 473 759
634 637 244 309 191 222 691 710 306 347 166 832 760 730 560 406 701 523 579 266 781 312 442 448 363 883 823 378 524 174 618 587 368 748 863 726 549 830 669 490 437 270 223 418 282 851 500 717 829 251 145 550 402 309 147 241 332 487 561 147 721 861 392 166
709 405 130 144 554 101 673 599 134 623 588 581 811 388 305 516 700 862 837 712 173 255 289 301 90 648 214 275 507 72 745 101 267 638 172 440 247 287 620 244 542 801 763 776 532 318 753 597 679 480 532 90 449 690 835 273 767 173 124 675 130 355 496 154
725 802 605 657 529 716 784 542 693 796 716 914 800 750 671 668 837 687 640 495 851 431 181 611 682 903 110 691 570 380 359 852 686 780 649 511 178 560 479 159 914 427 286 365 843 148 501 128 202 98 798 260 620 278 214 205 230 705 802 656 274 672 891 759
654 241 623 352 798 499 239 553 321 338 666 811 648 287 286 561 785 688 833 634 791 493 398 702 636 691 265 539 406 496 846 457 499 836 419 200 657 82 373 403 832 492 875 325 500 160 552 824 729 136 286 712 198 660 602 785 342 178 385 827 471 842 772 637
572 205 711 214 136 197 245 110 860 584 669 812 604 301 720 187 492 692 473 909 205 533 260 918 621 881 205 920 254 687 870 523 798 533 692 309 237 543 619 841 188 853 183 739 812 481 245 723 177 652 563 373 132 755 235 812 743 614 357 224 508 619 776 922
546 604 294 291 345 288 782 619 842 234 320 731 153 454 641 758 873 545 711 691 842 417 485 724 622 648 802 681 417 668 808 418 567 726 316 348 644 658 492 486 675 892 743 770 825 689 707 371 791 390 791 736 480 605 274 829 221 223 879 892 358 639 810 248
561 914 623 632 828 667 411 214 263 92 743 435 370 570 631 810 431 226 602 147 594 694 569 792 739 226 627 879 537 707 752 564 853 123 144 464 834 697 813 869 772 651 560 752 613 729 827 564 754 733 168 474 753 571 846 506 618 825 149 249 270 676 763 888
899 464 751 206 680 400 735 94 828 342 785 131 508 406 130 526 226 717 249 572 319 151 289 519 693 326 150 213 311 823 327 786 589 397 114 557 131 716 890 147 614 290 852 575 506 817 757 738 825 202 904 735 572 648 300 852 123 220 594 491 851 590 569 346
696 583 935 217 670 186 561 455 237 303 480 318 472 143 757 299 840 378 814 237 273 202 115 515 335 191 537 69 199 307 868 269 391 248 711 438 760 863 395 697 660 706 345 349 861 161 205 516 117 239 182 416 607 893 735 746 778 583 235 631 129 477 261 594
537 164 433 792 386 163 122 843 594 460 842 620 237 424 503 793 518 386 565 213 279 119 300 788 536 306 428 81 394 627 753 502 637 501 166 746 199 438 496 780 857 780 402 717 648 167 191 394 150 636 128 791 480 338 203 506 500 725 448 602 336 371 520 518
676 180 526 421 78 509 201 851 463 235 344 718 240 723 805 207 127 840 181 704 524 517 397 313 146 734 494 786 489 512 691 220 353 819 589 743 247 313 599 683 424 275 264 330 594 124 410 117 822 344 368 383 613 489 275 760 618 430 339 286 679 183 594 746
745 514 337 263 349 134 661 284 527 405 304 146 78 733 155 620 648 572 800 708 158 599 160 528 393 509 205 902 471 484 878 398 651 190 218 600 90 170 329 544 491 389 390 344 719 710 510 244 700 516 186 804 312 645 627 581 145 805 759 446 175 767 499 249
212 682 367 300 537 440 207 202 97 78 131 136 183 391 763 369 891 383 854 631 815 584 426 805 89 745 204 534 726 824 191 735 286 739 403 787 590 607 414 193 110 523 662 108 140 440 508 207 512 126 201 501 636 376 651 333 266 470 166 593 509 407 879 386
643 867 559 313 611 588 845 98 707 741 354 100 457 628 209 317 854 501 561 547 666 583 805 255 810 572 702 595 306 457 850 232 656 241 491 160 890 117 851 611 352 209 370 588 868 290 169 875 531 877 319 788 192 382 100 181 385 328 261 243 318 256 827 474
265 760 472 613 448 502 454 580 392 363 300 398 501 515 468 379 307 347 426 766 644 565 638 466 865 800 907 809 526 300 450 202 149 747 288 159 247 404 274 267 363 162 326 515 808 132 797 897 517 342 306 509 865 368 556 172 446 725 523 227 396 382 560 297
739 708 281 786 669 498 522 410 541 465 494 121 421 77 205 202 551 506 642 640 562 737 759 545 872 690 245 193 101 649 456 232 879 633 555 434 98 155 116 352 625 449 256 81 124 434 388 136 200 543 166 610 665 212 291 199 521 371 642 358 489 538 325 459
714 556 365 638 615 390 156 134 192 323 244 648 867 117 871 363 214 129 332 266 241 834 713 365 186 591 504 165 132 168 447 609 620 796 227 918 689 797 416 516 822 634 511 282 315 469 608 876 876 894 785 708 653 176 791 592 131 593 352 491 408 585 479 353
