37 204 94 172 159 192 112 131 7 7 95 109 2 83 98 1 171 86 81 112 117 165 121 180 74 71 196 5 176 4 127 22 98 7 2 71 22 115 126 9 209 30 95 4 53 20 41 131 58 166 98 35 82 120 31 181 11 177 87 130 99 31 166 88
135 179 113 69 32 133 135 84 136 9 135 164 65 68 50 101 6 102 31 65 211 21 57 54 119 13 44 82 131 40 211 24 128 135 144 220 202 248 76 148 90 176 125 146 152 11 7 139 120 198 39 127 163 41 224 43 111 193 99 41 176 95 40 71
2 0 0 2 2 2 0 0 1 0 0 1 0 1 2 0 2 2 0 1 0 0 2 1 0 0 1 1 0 1 0 2 1 1 2 1 0 0 0 3 1 2 0 2 2 1 2 1 1 2 0 1 0 1 0 0 5 0 1 2 3 1 2 2
1 2 0 0 0 0 0 0 1 1 1 1 0 2 1 1 1 0 0 1 3 0 6 3 2 1 0 4 1 3 0 2 1 1 0 2 0 1 1 1 1 2 1 0 2 2 3 3 0 1 1 1 2 2 3 1 0 1 1 1 0 1 2 3
0 3 0 0 1 0 1 2 3 2 2 1 0 1 2 2 2 3 2 0 2 0 1 1 1 0 1 1 0 2 2 1 1 1 1 2 1 1 1 1 0 0 2 0 1 1 1 1 1 0 0 2 2 1 0 0 0 0 1 0 1 0 2 0
1 1 5 0 3 0 2 0 0 0 2 1 0 0 2 2 1 1 1 0 0 0 0 1 0 0 2 0 0 2 1 0 1 1 1 2 1 0 3 1 1 0 0 1 1 0 1 1 1 3 2 3 1 1 1 1 2 1 3 1 0 1 0 1
3 0 1 0 3 1 0 2 2 2 0 0 0 0 3 0 2 2 1 1 0 0 1 2 1 2 1 4 2 1 0 0 0 1 0 0 2 0 0 1 0 0 1 0 1 0 1 2 0 2 1 1 5 2 0 1 1 2 1 2 1 0 2 0
1 5 0 2 2 1 2 0 1 0 1 1 1 3 1 4 0 1 0 1 0 1 3 2 4 0 4 5 2 0 1 3 0 0 0 1 1 1 0 4 1 0 1 2 0 1 0 2 3 4 3 2 0 2 1 1 0 0 2 0 1 0 1 2
0 2 2 1 1 0 1 1 0 1 1 0 4 1 0 2 0 4 3 4 5 1 2 1 1 0 1 0 1 0 2 5 2 0 0 0 2 1 1 1 1 2 1 1 1 0 3 1 1 1 0 1 2 2 1 0 1 2 1 2 0 0 0 0
0 1 1 0 0 2 1 0 2 5 2 1 0 0 0 0 1 1 0 0 1 0 1 0 0 0 1 1 0 1 2 3 0 0 4 1 0 2 2 0 0 1 1 1 0 0 0 1 1 2 1 3 1 1 1 0 1 0 1 0 1 0 0 2
2 1 2 0 0 0 1 0 0 2 2 5 0 2 2 1 1 2 1 1 0 1 0 0 2 1 3 0 1 1 1 2 0 1 2 0 4 2 1 2 0 1 2 4 0 3 2 4 0 3 4 4 1 2 1 0 1 0 1 0 1 1 1 1
0 1 2 1 4 2 1 1 0 1 0 1 1 0 2 0 2 0 2 2 3 2 1 0 1 1 4 0 1 2 1 0 1 0 2 1 1 3 1 1 1 3 0 0 1 2 0 0 0 0 0 4 5 1 1 0 1 1 0 0 0 0 3 0
3 0 1 1 1 1 0 0 1 2 1 2 1 2 5 0 3 3 2 0 1 1 0 0 1 0 2 0 1 0 2 2 2 0 4 0 0 0 1 0 2 0 1 1 3 0 2 2 1 1 0 0 2 8 1 2 0 0 1 3 1 1 2 0
0 2 2 2 1 0 2 1 1 3 1 3 4 1 3 0 0 0 3 1 1 0 4 3 1 0 4 2 0 1 0 0 1 2 1 1 0 0 2 0 0 2 0 0 3 0 2 1 1 0 0 1 2 1 1 2 1 0 0 1 2 1 1 1
0 0 0 1 4 1 4 1 0 0 0 0 0 2 1 0 2 1 2 1 0 5 0 0 0 2 1 1 1 0 3 0 2 0 4 0 0 3 3 0 3 3 3 0 4 1 0 1 0 1 0 1 2 5 1 1 2 0 2 1 0 0 1 1
7 0 3 1 1 2 0 2 0 0 1 2 0 1 0 0 1 1 0 1 0 1 5 1 1 0 1 3 1 0 2 0 3 7 2 7 3 0 3 2 2 3 2 1 1 2 0 1 0 1 2 0 1 0 2 2 2 0 0 2 1 1 1 1
2 1 3 1 2 2 2 0 0 1 0 2 0 3 0 2 2 1 0 0 0 0 0 1 0 3 1 3 2 0 0 1 0 0 1 1 2 3 1 3 2 1 0 2 0 2 0 0 3 0 4 0 2 2 2 1 2 1 4 0 0 0 0 1
2 2 0 2 1 2 0 1 0 2 2 0 1 1 0 1 3 0 0 1 0 2 0 1 2 0 1 3 1 0 1 3 1 3 3 0 3 3 2 3 0 1 0 5 1 0 1 0 0 0 1 0 0 3 1 4 2 0 1 1 0 1 2 2
0 2 2 1 2 0 2 1 1 0 0 2 0 1 2 1 0 0 0 0 2 1 0 1 1 2 1 0 1 2 1 2 2 0 2 1 1 1 0 0 2 2 1 1 1 0 0 2 0 2 0 4 2 0 0 2 1 0 1 1 3 2 5 3
1 1 0 3 1 3 1 0 0 1 1 1 0 1 2 1 0 0 0 0 0 4 0 3 1 1 0 0 1 1 0 0 1 2 2 1 2 0 0 1 0 1 0 1 0 0 1 6 2 2 2 0 0 0 2 0 1 0 0 1 5 0 0 0
1 1 0 0 1 2 1 0 0 0 0 0 0 2 1 1 2 2 3 0 0 1 1 1 2 2 1 1 0 1 1 1 1 2 3 0 0 0 2 1 2 5 2 2 0 2 1 4 0 0 2 2 1 1 2 1 1 2 3 2 0 1 3 0
1 3 0 2 2 1 1 1 0 0 1 1 1 0 1 0 3 0 1 0 2 3 2 2 0 1 1 1 3 0 1 2 1 1 2 0 2 0 0 1 1 0 5 4 2 0 1 0 1 0 1 1 0 0 3 1 1 1 2 0 2 1 3 1
1 1 2 1 2 2 1 1 1 0 2 1 0 0 1 1 0 0 1 0 0 0 1 0 2 1 3 0 2 1 2 1 1 0 1 1 1 1 0 0 1 0 1 0 3 2 1 0 1 2 0 2 1 1 0 0 2 2 1 2 0 1 2 0
1 2 1 2 2 3 1 2 2 1 2 2 2 0 0 2 0 3 1 1 1 0 3 1 1 3 0 0 4 0 1 0 0 1 3 3 0 2 2 1 1 4 0 0 1 0 1 0 0 0 1 0 0 4 3 1 2 1 1 1 1 0 1 1
1 6 0 0 0 1 2 0 0 1 2 2 1 2 1 0 2 2 0 1 0 0 0 0 0 1 2 1 2 5 0 0 0 0 2 1 1 1 0 1 2 1 0 2 2 0 1 0 1 2 2 6 2 1 0 1 0 3 1 4 1 0 0 1
0 1 1 0 1 1 1 0 1 2 0 0 1 0 3 0 1 0 4 0 0 1 1 1 1 1 0 0 1 0 0 3 0 1 2 0 1 0 0 0 0 2 3 0 0 2 2 0 1 1 0 0 3 2 1 2 1 1 1 0 0 0 0 0
2 0 0 1 2 1 3 0 3 2 0 4 5 6 0 2 1 1 0 2 1 3 1 0 1 2 0 1 1 2 1 1 0 0 0 0 1 0 2 0 1 0 1 2 1 1 0 2 2 1 3 1 0 0 0 2 1 0 0 2 0 0 3 1
4 3 2 4 0 0 0 0 1 3 1 1 1 2 4 6 1 1 1 0 0 0 0 0 1 0 2 1 2 6 0 0 2 1 2 0 1 0 2 1 0 1 2 0 0 0 4 0 0 1 1 3 1 1 1 1 2 2 0 2 0 1 1 0
5 1 5 1 2 1 0 1 0 2 1 1 2 0 3 0 0 2 2 1 8 2 7 2 0 0 0 0 2 0 0 1 2 0 3 0 0 1 4 1 1 1 1 2 0 1 1 0 1 1 2 0 2 1 2 2 0 1 0 0 1 0 2 2
0 2 1 3 1 1 0 0 2 0 2 0 1 2 0 5 2 2 1 1 3 0 0 1 0 0 1 0 0 2 0 0 2 0 1 0 1 1 0 1 1 0 0 1 0 1 2 2 1 1 1 0 2 0 1 0 2 1 0 0 0 2 0 1
4 1 0 1 1 2 0 2 0 0 1 0 1 0 1 0 0 2 1 0 3 1 4 1 3 1 2 0 3 0 2 0 1 6 1 2 0 2 0 3 1 1 2 2 0 0 1 1 0 0 1 1 0 3 1 1 0 0 0 0 1 1 0 2
0 0 1 1 1 0 1 2 0 1 2 0 1 1 2 0 1 2 0 0 0 1 0 1 1 0 1 2 1 3 6 1 1 4 0 0 2 2 1 3 1 1 1 6 2 2 1 1 1 1 3 0 3 0 3 1 0 0 1 2 1 0 1 1
3 1 0 1 0 0 0 1 0 1 2 2 2 2 0 1 2 1 0 2 2 2 0 3 2 1 3 0 1 1 1 0 1 2 0 2 2 1 1 2 0 2 1 1 0 1 0 1 2 0 0 1 1 2 1 0 2 2 0 1 0 1 2 0
1 1 0 1 2 0 2 1 1 2 1 0 1 0 0 0 2 1 2 0 0 1 0 0 1 4 0 0 0 1 1 3 0 3 1 0 1 0 2 0 0 0 1 1 0 1 0 0 1 2 2 1 0 1 0 2 1 2 1 1 3 1 1 1
0 2 0 0 2 2 1 4 1 0 0 0 0 2 0 0 1 0 0 1 3 0 1 2 0 1 2 4 2 1 0 0 0 1 1 1 3 1 0 5 0 2 0 1 0 0 0 5 0 3 0 0 0 1 2 0 1 0 7 0 0 0 0 0
2 0 0 1 2 1 0 1 1 4 0 0 2 4 0 0 3 2 0 0 5 0 1 0 0 1 1 0 0 1 1 1 2 0 0 2 0 0 1 2 0 1 1 0 3 1 0 0 0 1 2 0 0 2 1 1 1 2 1 0 1 0 1 2
0 1 0 3 0 3 2 2 0 1 1 4 1 2 2 2 0 0 1 2 2 2 1 1 0 2 2 3 1 0 2 1 1 0 0 4 2 2 1 2 4 7 0 0 3 1 2 1 1 1 1 2 1 3 0 2 0 2 3 0 0 1 2 6
1 1 1 1 1 2 1 0 1 5 1 1 3 5 1 0 0 0 1 2 2 0 1 2 1 1 1 0 0 1 1 0 0 0 0 0 2 1 2 0 0 1 1 2 2 0 0 1 1 0 1 2 0 3 0 1 2 1 1 0 0 1 4 2
0 1 1 1 1 3 1 2 1 0 1 3 1 0 1 2 0 1 1 2 2 1 0 1 0 1 4 1 2 1 0 0 0 3 1 0 2 2 1 1 0 1 2 4 2 1 5 1 2 0 1 3 0 1 1 1 0 1 2 2 1 1 5 4
1 1 0 1 0 0 1 1 1 3 1 2 1 0 1 1 1 2 0 0 0 1 2 1 2 0 2 1 0 1 1 6 0 0 1 1 2 0 2 1 1 0 0 1 2 0 0 1 0 1 1 0 0 0 0 0 1 1 0 1 0 1 2 1
0 0 1 1 1 2 1 1 2 1 0 1 0 1 0 0 2 1 0 0 1 1 1 0 1 0 2 1 0 1 0 1 1 1 2 1 2 2 2 1 1 2 1 1 2 0 1 1 0 1 2 3 1 2 0 1 0 1 0 1 0 1 3 5
1 0 2 1 1 1 3 0 1 2 2 4 2 0 0 0 2 0 1 1 1 2 1 1 1 1 1 1 1 1 2 1 1 0 0 2 1 0 0 3 2 2 1 1 0 0 2 2 0 2 2 1 0 0 0 5 1 0 0 0 1 1 0 0
2 0 1 1 3 1 0 3 2 1 1 2 0 2 0 1 0 1 1 0 1 1 0 0 2 1 4 2 0 0 0 1 3 0 0 5 1 1 0 6 0 1 1 1 0 1 0 1 2 0 0 2 1 0 1 1 0 0 0 7 3 5 1 1
0 0 2 1 0 6 0 1 2 0 0 1 1 1 0 2 1 3 1 0 3 2 0 0 2 2 1 0 3 0 1 0 2 1 1 1 2 0 2 2 1 0 1 0 0 1 0 0 1 1 0 0 1 1 1 2 0 0 1 0 0 5 1 4
1 1 3 0 0 1 2 2 0 0 2 0 1 1 2 0 0 0 1 1 1 1 0 1 1 0 1 0 1 2 1 0 4 0 3 0 0 1 0 1 1 0 2 1 1 1 2 3 0 2 0 3 0 1 1 0 1 0 1 1 1 1 2 2
1 0 0 1 0 0 2 1 1 0 2 1 1 4 1 0 0 0 0 1 0 2 0 0 0 2 0 1 2 0 0 2 2 0 1 1 0 0 1 1 0 1 1 0 3 2 1 5 1 2 2 2 0 2 1 1 1 1 0 1 1 0 1 0
0 0 0 0 1 1 3 0 1 0 1 2 0 1 0 0 1 1 0 1 0 2 0 0 0 2 1 0 0 0 0 0 2 1 0 0 2 1 1 0 0 0 0 1 1 0 1 3 0 1 1 4 0 0 1 0 0 2 0 1 1 0 1 2
2 1 0 0 0 0 1 1 2 1 2 2 1 1 1 0 2 0 1 0 0 1 1 0 1 1 0 0 1 1 0 2 2 1 1 2 1 0 0 2 5 1 4 0 3 0 2 2 0 0 2 4 1 0 5 1 1 0 2 0 1 1 2 2
2 0 0 2 0 2 0 0 3 4 1 0 0 1 1 1 0 1 0 2 0 0 1 0 2 1 0 1 0 1 1 1 2 0 1 1 0 0 1 1 1 0 1 5 2 3 0 0 2 0 0 2 1 3 0 2 4 1 0 0 2 1 3 1
0 1 0 4 0 1 0 0 1 1 0 1 1 0 0 0 3 1 1 0 2 0 0 1 2 1 1 0 0 1 0 0 6 2 1 0 0 3 1 2 0 0 3 1 2 3 1 1 0 0 0 1 2 2 1 1 1 0 0 1 2 0 1 3
8 3 4 0 3 4 0 0 2 1 0 1 2 0 4 0 0 1 2 2 0 0 1 2 1 1 0 1 0 0 1 0 0 0 1 1 1 0 3 1 1 1 0 0 2 0 0 1 1 1 1 1 3 2 2 0 0 0 0 0 3 0 1 2
1 3 0 2 3 0 1 1 1 0 3 0 2 2 1 3 0 2 2 1 1 1 3 2 2 2 0 0 0 0 1 0 0 0 1 1 3 0 2 1 0 1 6 1 0 1 2 0 2 1 0 1 0 1 1 0 1 0 1 0 2 1 4 2
0 1 3 2 0 0 5 1 1 0 2 0 0 1 1 0 0 2 1 0 3 4 2 0 0 2 1 0 1 0 1 2 0 1 0 0 0 1 1 1 0 0 2 2 2 0 0 3 0 1 0 2 0 3 0 1 4 1 2 0 0 1 0 2
0 1 0 1 2 3 1 0 1 1 2 0 1 1 2 0 1 1 0 3 1 1 1 0 3 3 2 0 0 0 0 0 0 2 0 2 0 1 1 0 2 1 2 1 1 1 0 1 2 2 0 0 1 0 3 0 0 5 1 1 1 2 3 0
1 1 0 0 1 1 0 1 0 4 0 5 2 2 1 0 1 0 0 0 0 2 1 1 1 3 1 1 2 0 0 2 1 1 5 0 0 0 2 1 3 4 0 3 0 0 1 5 0 1 0 3 0 3 0 0 2 0 3 0 0 4 1 0
2 3 2 2 1 1 1 1 1 1 0 1 0 2 0 1 4 0 0 0 0 1 1 4 0 2 0 0 1 0 2 0 2 1 0 1 1 1 5 0 0 0 1 1 0 0 0 1 1 2 0 2 1 0 0 0 2 0 0 0 1 1 1 0
1 2 2 1 0 1 0 0 0 1 0 0 0 0 2 3 3 0 0 0 0 2 0 4 1 0 1 0 3 0 3 2 1 1 0 0 0 0 2 1 2 2 0 2 0 0 0 2 1 2 1 0 1 0 5 0 4 0 2 3 2 1 0 8
4 1 3 3 2 0 3 1 0 0 1 2 0 0 0 0 2 1 0 0 3 0 1 6 0 2 0 2 0 0 2 0 0 0 0 3 1 7 0 3 2 0 2 1 0 1 2 2 0 0 2 1 1 1 1 0 6 1 1 2 2 0 3 0
2 2 2 1 4 1 1 2 5 1 3 2 2 1 0 0 0 1 2 1 1 1 1 1 1 0 1 0 0 0 1 0 2 1 2 0 2 1 2 2 2 3 1 1 1 1 1 0 0 2 1 1 0 2 0 2 0 1 0 1 1 0 1 4
3 6 1 2 3 0 1 1 0 3 0 1 1 1 2 0 0 0 0 2 0 1 0 1 1 0 0 0 2 0 2 2 2 2 0 0 2 0 1 1 0 1 0 1 3 1 2 2 3 0 1 1 0 2 1 1 0 2 0 1 0 0 1 2
5 2 1 2 0 0 0 2 1 2 1 2 0 1 1 2 2 2 1 1 0 0 0 4 1 2 2 1 2 0 2 1 1 0 3 1 0 0 0 1 0 0 1 0 1 1 1 0 1 0 0 0 2 0 1 1 1 0 1 4 0 1 1 0
2 1 0 0 3 1 2 0 0 0 0 0 0 1 1 1 0 1 1 3 3 2 1 11 0 1 1 2 0 0 0 1 1 1 1 1 2 2 0 3 1 1 5 1 0 0 0 1 0 0 0 0 1 0 0 2 0 2 0 0 0 0 5 0
4 1 0 2 2 0 0 1 0 2 3 0 1 0 0 2 0 3 1 1 2 7 1 0 2 0 1 2 1 0 1 0 2 0 0 0 0 2 0 0 2 0 1 1 0 0 0 0 0 1 0 0 0 1 0 0 0 0 1 2 2 1 0 1
0 2 0 1 1 0 1 1 0 1 1 0 0 1 1 0 0 2 0 1 2 5 0 2 1 0 0 2 1 1 1 2 0 1 1 1 0 2 1 1 0 1 0 1 1 1 2 0 3 0 2 1 1 0 0 1 0 0 0 0 0 1 1 0
