26 840 101 134 759 816 228 121 599 479 881 836 545 310 330 349 922 285 251 736 136 260 790 1014 533 455 988 489 76 516 546 596 2 566 141 521 109 1019 53 827 912 811 190 717 141 637 485 349 504 1012 903 477 482 220 660 865 671 164 813 878 404 627 880 117
802 44 720 455 350 36 118 144 771 527 271 993 284 477 342 827 519 939 485 843 995 644 456 451 219 526 278 272 99 508 820 388 141 253 754 1017 955 12 622 99 273 197 589 992 17 708 506 903 985 205 924 738 954 378 52 500 744 3 233 632 8 849 559 679
726 273 389 439 393 355 411 777 499 774 757 385 605 567 576 873 725 852 510 738 599 604 869 248 628 618 246 462 304 219 520 302 452 527 648 674 454 506 225 545 163 742 220 674 653 496 717 633 674 545 743 227 279 217 181 554 651 416 268 538 425 419 344 308
515 247 436 414 529 703 695 504 477 465 502 581 320 822 227 549 601 621 355 532 830 584 924 484 696 618 319 571 670 632 510 750 211 319 360 534 406 475 461 425 197 343 677 212 290 432 318 678 587 256 602 406 524 813 394 829 486 327 498 183 698 513 593 116
354 335 310 521 501 737 542 283 797 569 765 533 518 338 324 756 642 780 259 574 272 815 502 665 310 838 676 866 262 607 183 374 698 260 703 475 378 317 358 659 308 745 471 336 296 466 248 202 594 225 385 426 536 852 556 903 188 626 281 544 512 498 440 128
397 443 291 815 408 494 581 288 334 330 357 571 284 246 727 835 817 849 673 621 278 563 560 733 733 623 666 546 338 414 373 466 780 615 818 195 430 164 751 627 532 516 387 651 174 233 524 652 706 254 252 465 211 832 725 371 206 629 550 688 764 444 763 156
775 566 801 545 514 758 709 619 336 372 565 211 380 511 570 441 835 698 461 764 421 491 590 779 666 562 593 534 324 689 414 762 839 844 420 784 176 258 296 451 542 772 410 380 410 181 605 557 314 695 419 724 566 766 322 579 778 312 595 715 433 509 593 700
633 779 310 810 372 309 675 740 760 604 467 510 528 729 340 836 327 559 419 307 315 627 383 365 758 309 409 282 362 364 695 805 854 499 791 261 559 245 783 403 553 419 601 386 349 756 446 783 761 658 673 858 669 458 596 258 649 300 665 283 721 767 385 389
372 494 317 395 271 766 738 346 431 557 257 816 272 641 582 874 592 848 372 718 192 687 751 564 694 555 724 681 758 502 508 833 851 764 698 396 624 406 425 652 829 755 546 255 339 231 181 360 326 450 244 329 754 501 519 541 608 779 248 657 455 405 278 683
547 709 532 657 336 632 736 409 818 616 662 352 778 635 660 884 369 898 630 455 558 429 429 574 500 490 752 655 247 326 323 279 793 229 493 419 314 305 740 434 780 832 302 758 336 718 586 535 539 254 323 628 324 639 285 817 564 564 590 345 359 553 593 527
355 620 680 473 360 369 607 285 297 782 383 681 425 487 663 396 368 600 594 461 369 534 731 230 449 295 427 609 405 233 527 535 322 377 442 162 505 609 734 670 489 805 495 856 506 751 300 716 799 300 518 780 558 854 608 731 368 743 362 704 417 819 617 845
276 531 169 747 185 759 385 361 410 206 480 253 134 168 177 362 733 163 825 302 514 343 516 555 336 353 166 740 268 373 312 797 529 567 728 292 876 191 754 378 647 558 595 285 635 276 442 276 254 552 189 246 319 202 756 464 526 431 275 620 270 890 822 869
336 531 391 683 265 771 620 495 432 531 243 279 162 477 169 286 763 264 341 624 502 564 458 392 742 177 797 344 698 693 218 585 316 857 736 800 514 682 678 160 464 162 733 463 479 381 213 660 493 379 133 202 140 171 617 337 640 536 723 318 316 700 387 440
180 367 618 658 243 791 478 549 515 690 534 355 276 256 541 676 815 696 777 740 452 798 288 499 234 259 218 510 297 569 586 489 255 641 416 455 422 612 731 621 587 213 533 449 727 583 547 271 657 586 392 766 239 711 464 655 205 703 366 421 309 344 114 164
168 581 556 469 610 774 794 577 377 747 504 254 751 220 759 368 871 236 501 519 350 657 233 609 124 280 470 263 359 538 726 648 641 848 352 786 202 439 392 270 720 339 645 731 751 559 323 823 268 669 444 594 570 307 640 560 168 506 386 693 466 236 206 193
134 588 182 680 264 763 644 565 514 428 425 339 423 391 606 573 323 487 638 348 212 348 405 617 265 318 271 255 272 409 425 763 758 565 582 555 304 216 294 343 213 675 352 749 750 648 302 787 606 424 633 235 263 148 352 289 709 702 742 766 456 282 380 431
711 344 702 720 513 353 530 542 607 252 653 640 400 793 451 679 300 413 574 684 801 424 692 692 206 717 488 494 316 597 260 756 567 309 403 153 781 366 772 324 686 803 805 809 558 473 359 425 433 605 727 402 456 202 667 574 834 663 476 299 768 643 302 544
510 754 409 794 493 644 743 404 472 419 588 626 299 283 385 333 459 537 253 833 768 753 490 731 706 352 802 349 298 394 564 684 300 503 585 292 651 623 438 635 702 809 793 581 632 295 645 687 442 306 810 204 565 623 707 518 446 583 254 290 606 620 485 463
431 878 544 740 285 857 630 747 483 719 145 301 146 622 448 548 793 445 475 441 610 622 764 324 829 284 857 714 412 694 724 620 199 678 318 439 666 647 285 358 416 444 614 268 523 380 559 410 249 424 359 417 770 204 460 409 414 699 587 475 694 490 476 220
462 520 693 856 608 584 617 261 411 651 138 684 313 434 233 250 774 659 729 414 854 753 691 419 712 420 323 694 755 314 457 232 646 691 431 864 732 844 373 253 530 190 780 348 800 633 377 790 347 718 200 452 532 698 273 334 751 256 694 411 813 244 836 554
257 769 629 303 749 200 703 221 347 300 400 543 235 590 596 779 863 561 877 821 741 753 657 727 451 328 620 498 837 756 660 638 237 389 177 792 453 724 491 246 495 139 549 302 829 460 643 286 608 172 267 223 724 377 673 394 459 334 587 450 487 593 263 338
128 482 587 600 764 214 708 742 179 817 223 448 632 751 396 463 325 811 317 677 541 382 276 224 439 420 585 650 545 404 727 503 721 271 406 418 308 270 341 750 623 515 864 654 694 229 499 176 390 200 611 503 329 742 445 602 365 537 271 764 283 314 605 219
296 632 652 745 686 355 315 381 367 587 626 692 600 435 462 721 230 611 450 682 573 574 827 460 783 556 226 829 335 514 311 801 677 671 422 318 552 692 684 470 402 309 429 317 294 215 396 282 284 219 764 567 762 918 620 930 250 847 355 395 149 313 498 560
711 904 234 776 538 363 764 630 500 544 665 489 614 507 364 583 506 818 568 709 318 282 823 641 792 414 551 434 755 645 547 853 483 311 351 472 561 392 526 757 450 526 556 731 736 699 657 255 373 633 726 751 299 839 473 950 420 805 159 754 197 633 159 388
525 827 409 712 301 676 235 867 670 709 823 407 631 359 739 384 506 301 236 269 500 660 276 684 414 289 651 425 575 818 849 791 618 623 620 785 731 472 757 787 770 856 653 621 684 312 820 338 293 491 617 365 228 252 354 369 309 834 312 519 640 556 381 459
262 689 736 303 218 379 420 633 506 758 256 527 516 636 804 700 429 600 405 722 218 826 513 383 383 403 591 327 387 446 603 255 802 608 716 430 366 748 579 707 594 470 675 486 619 585 379 420 497 255 685 168 319 454 350 525 455 676 644 260 505 216 268 653
749 701 644 656 400 206 192 614 379 862 207 713 607 521 417 519 766 456 710 284 207 656 341 553 721 542 361 796 741 713 551 774 684 310 590 767 255 607 362 485 292 499 201 243 198 775 621 590 629 214 844 684 807 474 291 286 828 542 875 216 698 493 405 720
344 272 506 677 685 553 540 387 708 320 332 179 506 267 581 383 794 715 492 492 606 337 212 642 421 559 518 804 718 798 462 850 576 639 403 296 480 533 649 498 522 658 460 287 611 518 617 736 586 568 401 277 546 673 480 445 499 620 716 617 773 602 346 501
125 346 179 273 337 518 291 349 635 347 648 244 829 623 806 793 774 496 334 464 471 432 362 254 594 695 766 813 654 555 798 257 411 350 313 272 468 700 818 733 703 450 231 422 242 684 238 334 520 720 801 813 601 538 758 694 210 723 311 781 651 274 230 611
696 459 639 741 717 748 690 393 648 523 491 505 636 600 392 785 446 662 793 691 822 607 822 345 717 555 700 488 510 419 763 173 746 200 803 338 572 403 289 595 778 358 426 323 276 454 195 570 363 863 596 606 773 426 641 403 459 548 596 802 826 433 508 314
501 602 388 785 543 852 660 447 404 779 395 779 278 466 490 412 616 369 811 435 880 737 577 406 779 517 606 800 585 617 468 218 363 138 491 293 679 674 715 334 578 350 791 496 354 467 182 233 412 363 218 807 208 451 437 354 197 709 503 574 422 682 721 246
497 541 225 777 647 764 479 656 712 570 466 758 292 463 194 573 441 499 641 343 320 324 686 501 337 409 371 561 195 680 151 701 389 657 500 475 484 202 431 273 508 617 436 605 231 700 436 474 247 421 193 328 710 182 310 260 336 633 223 580 535 361 634 370
171 554 479 457 407 424 356 370 271 625 432 787 258 386 666 362 455 454 755 289 294 511 643 763 219 591 238 285 642 289 632 304 777 809 362 431 759 343 432 666 413 398 703 319 605 344 372 401 229 217 538 510 599 447 172 780 146 709 270 475 300 637 745 719
125 238 566 222 770 177 238 152 157 394 230 729 379 680 559 433 627 497 333 704 645 804 347 453 641 596 730 543 703 558 434 707 451 717 401 492 765 625 315 248 674 325 679 241 413 320 395 701 724 417 289 205 323 440 342 254 718 278 501 409 217 456 190 353
385 537 263 430 301 236 463 609 427 272 399 391 171 362 443 755 499 438 788 813 587 866 344 333 384 153 707 152 580 285 605 426 567 338 675 776 820 567 836 675 760 157 543 187 697 415 444 292 395 207 545 109 212 312 204 631 455 674 535 480 206 268 701 402
200 529 232 266 191 418 646 712 597 473 749 481 711 734 732 654 725 342 893 633 747 819 344 377 669 688 564 551 323 570 561 342 567 148 443 203 644 666 774 872 550 577 804 403 399 682 303 753 569 263 367 197 247 692 723 307 764 733 802 275 582 188 793 301
83 319 89 328 281 231 503 769 812 783 492 692 688 861 777 881 396 828 743 483 348 619 602 709 243 681 488 749 782 652 367 441 344 464 638 312 848 834 601 855 740 648 743 683 294 462 494 468 768 472 320 294 221 182 642 410 505 620 694 353 749 553 456 539
42 411 111 653 564 760 744 867 355 718 592 287 854 432 714 544 778 290 504 413 411 279 430 505 477 319 782 368 629 443 485 805 458 511 747 578 364 803 283 266 441 345 434 489 644 782 758 689 725 620 394 446 469 652 578 303 555 401 311 362 651 152 323 178
544 738 312 835 471 393 334 227 503 221 313 192 543 610 640 249 382 588 489 662 703 296 456 270 380 329 793 658 716 833 637 734 774 433 512 680 740 675 751 419 489 216 721 396 407 747 813 552 497 318 394 753 362 549 507 360 233 178 719 483 813 458 460 176
314 757 573 533 288 180 603 195 603 308 367 644 774 727 644 728 384 648 326 800 465 417 408 516 674 568 279 469 732 543 395 700 435 804 435 817 260 448 230 638 628 689 829 810 598 628 594 345 700 590 783 332 679 413 457 481 427 580 537 311 258 567 335 227
420 412 284 217 502 112 324 347 522 771 741 628 593 685 703 384 692 382 587 807 274 690 388 498 693 404 457 720 248 484 475 276 536 744 273 515 710 463 859 439 798 433 830 606 663 417 564 462 476 271 393 642 512 337 337 543 303 355 479 251 560 295 251 616
193 192 696 597 802 434 517 435 625 341 580 439 240 695 419 798 674 818 247 645 303 362 241 213 751 512 748 570 658 522 328 469 411 241 812 390 798 279 912 736 824 819 266 759 165 535 324 702 694 688 198 404 379 236 304 677 563 555 477 455 282 739 752 873
119 626 387 188 214 162 246 454 481 475 680 319 239 443 483 629 285 764 617 686 506 215 750 347 424 333 773 395 488 696 626 469 765 497 733 789 667 522 376 737 449 929 143 884 269 453 185 438 327 258 240 598 276 381 260 173 464 242 390 265 714 235 598 234
299 501 566 342 474 732 345 595 224 571 591 517 333 610 218 698 348 461 351 595 272 554 468 628 300 683 772 697 506 573 697 268 829 721 739 872 630 597 416 496 500 384 499 529 445 599 182 663 693 459 282 266 592 246 446 456 545 559 244 740 353 701 262 525
149 259 187 699 485 622 241 778 671 687 209 415 186 442 163 448 622 378 689 664 646 500 381 670 680 582 850 506 869 593 494 289 296 519 479 317 795 280 235 706 183 737 675 678 210 827 184 612 374 247 490 343 543 321 706 605 437 368 398 642 287 773 488 343
83 714 266 653 476 269 431 515 452 445 292 597 326 315 509 449 437 467 788 549 473 839 529 812 749 297 441 631 824 290 630 243 753 496 352 776 304 536 616 614 318 712 747 550 304 522 387 604 528 286 718 686 437 438 561 595 470 842 338 760 326 740 260 742
603 304 275 476 671 651 684 341 763 401 570 768 573 685 585 311 626 155 331 491 548 805 662 589 334 296 448 469 274 453 643 537 734 603 343 400 598 527 490 502 511 315 524 453 324 259 229 270 355 385 728 775 587 288 577 696 513 447 676 799 496 357 192 604
885 474 754 318 355 402 239 427 635 570 811 699 640 421 245 353 429 117 611 291 574 446 249 733 456 708 457 677 528 344 341 308 497 432 525 459 206 690 415 742 346 417 356 316 482 715 254 570 484 762 582 473 796 332 686 233 290 630 427 512 375 348 671 468
783 333 511 749 750 474 263 374 545 603 360 769 716 816 328 597 636 241 389 411 409 663 344 775 196 601 624 733 628 274 265 393 223 768 409 380 736 635 667 355 738 207 497 289 578 818 733 857 433 342 357 584 534 264 407 645 527 401 705 237 267 778 492 847
404 171 644 453 622 761 391 440 570 626 796 777 460 327 698 501 353 563 272 779 309 588 167 774 329 601 725 511 469 662 479 757 745 690 284 640 356 840 320 553 458 273 259 748 386 770 670 476 438 446 431 625 739 708 837 689 688 718 868 281 576 837 358 597
373 266 776 297 704 463 453 424 800 807 310 605 784 787 850 633 654 450 637 504 536 821 564 668 455 494 348 661 604 466 587 389 702 652 240 296 326 495 424 459 236 440 398 350 567 408 301 235 299 441 389 661 293 310 643 255 351 251 675 709 682 680 570 212
192 481 473 477 250 580 700 469 817 732 777 562 389 389 475 508 577 331 672 477 236 400 366 467 152 395 211 552 583 693 599 631 401 433 213 451 470 358 615 366 568 577 210 651 201 282 309 250 396 257 652 819 366 617 281 269 387 587 290 406 519 389 237 448
516 601 413 589 299 249 440 624 536 534 680 790 229 625 234 762 185 376 441 570 546 447 525 729 403 624 398 694 538 647 567 677 194 276 441 310 556 574 704 275 746 223 659 561 721 772 652 357 826 299 458 633 514 402 605 632 762 313 566 315 761 789 766 618
382 362 638 465 424 500 155 261 260 820 294 627 532 873 296 735 375 266 327 666 348 600 297 805 244 619 631 417 323 630 472 386 237 376 332 524 664 447 298 698 664 175 288 370 387 249 695 615 622 509 607 241 451 214 797 615 832 347 833 681 458 460 392 550
410 187 452 432 481 177 769 302 618 810 622 873 737 587 608 778 356 355 279 570 192 715 422 777 190 243 706 492 456 333 227 442 560 805 535 684 217 765 654 359 873 579 674 723 301 280 747 694 714 409 334 364 538 187 548 650 859 398 916 787 736 233 242 197
333 233 534 585 444 546 626 275 649 248 633 331 320 298 600 669 484 785 517 483 267 421 265 505 291 340 244 229 406 214 273 609 214 774 266 628 153 632 387 274 807 538 515 664 513 557 492 185 560 237 491 735 400 349 245 326 503 586 277 730 494 814 526 676
541 733 676 841 602 660 401 565 395 451 651 225 674 107 795 271 862 747 606 385 378 170 311 205 401 197 368 360 219 611 204 768 535 814 447 887 339 731 274 370 666 485 498 611 504 331 457 518 523 172 345 349 130 704 201 435 388 837 505 781 610 453 657 830
274 794 420 899 379 568 550 777 303 413 359 358 717 417 565 346 441 205 495 580 631 460 298 625 179 274 521 322 549 679 671 709 549 603 426 665 235 813 401 809 651 829 477 841 253 444 510 661 301 396 174 758 642 849 665 538 809 540 548 277 402 200 764 287
160 207 226 497 517 874 780 715 276 582 554 607 432 250 829 553 583 455 316 251 796 512 428 629 502 504 503 792 316 844 814 514 706 765 604 364 730 300 538 601 293 344 343 400 270 456 643 659 630 782 192 848 292 707 201 858 274 719 309 736 554 504 754 192
349 246 723 458 325 754 836 486 805 219 728 459 806 652 799 819 387 340 445 330 532 482 684 572 409 835 261 546 301 560 392 344 306 226 208 384 516 391 445 291 274 551 131 350 339 202 536 505 759 432 293 653 515 283 292 700 653 633 291 697 501 500 546 744
731 532 534 806 766 478 339 732 524 639 439 758 511 369 812 570 460 746 667 393 829 815 791 864 713 597 338 665 646 509 421 594 651 715 375 652 659 381 417 544 313 722 257 554 730 365 364 650 539 684 244 602 620 411 441 559 230 578 291 379 590 794 505 662
341 207 381 389 341 732 468 696 375 601 203 526 511 458 492 778 568 504 263 688 858 303 811 513 365 376 832 480 798 558 424 229 644 257 748 560 394 576 404 283 263 807 132 577 268 798 546 377 378 776 438 681 229 730 604 699 384 297 433 307 260 808 301 543
605 285 506 587 178 770 300 454 315 706 177 257 386 548 402 471 379 540 381 572 236 270 395 168 759 500 711 784 291 412 478 465 641 219 355 352 240 244 449 254 520 722 715 868 554 868 289 668 461 351 267 762 178 263 494 328 478 328 575 602 561 359 683 829
745 354 299 748 669 604 231 354 408 407 477 221 784 436 497 604 175 375 438 808 451 613 428 369 473 389 809 696 477 511 243 776 332 513 297 638 350 787 410 793 304 401 564 527 497 704 270 477 648 381 460 615 187 752 264 466 450 440 735 676 449 519 728 410
