63 636 195 306 600 624 340 252 592 486 786 727 547 393 428 350 751 371 332 624 253 425 669 834 607 526 792 484 252 520 419 574 100 559 139 592 131 904 179 818 703 781 285 721 194 617 444 480 562 846 805 512 564 340 629 684 682 341 726 748 503 596 714 205
667 223 607 386 382 169 253 228 635 536 406 829 349 545 392 726 525 837 516 778 784 623 513 505 338 513 322 354 230 468 609 412 269 388 610 797 753 260 546 247 363 373 464 846 169 719 499 764 865 403 885 611 791 419 276 457 633 196 332 591 184 754 519 608
724 273 389 441 391 357 411 777 500 774 757 384 605 568 578 873 723 854 510 739 599 604 867 249 628 618 247 461 304 218 520 300 453 528 650 673 454 506 225 542 162 744 220 676 651 495 719 634 673 543 743 226 279 216 181 554 646 416 267 540 422 418 342 310
514 249 436 414 529 703 695 504 478 466 503 580 320 820 228 550 602 621 355 531 833 584 930 481 698 619 319 575 669 629 510 748 212 318 360 536 406 476 460 424 198 345 676 212 292 434 321 681 587 255 603 407 522 815 391 830 486 328 497 182 698 514 591 113
354 332 310 521 502 737 543 281 794 567 763 534 518 339 322 754 640 777 257 574 274 815 503 664 311 838 677 865 262 609 185 375 699 261 704 473 377 318 359 658 308 745 473 336 295 467 247 203 595 225 385 428 534 853 556 903 188 626 280 544 513 498 442 128
396 444 286 815 405 494 583 288 334 330 359 572 284 246 725 837 816 850 672 621 278 563 560 734 733 623 668 546 338 412 374 466 779 614 817 197 429 164 748 628 531 516 387 650 173 233 523 651 705 251 254 462 212 831 724 372 204 630 547 687 764 445 763 155
772 566 802 545 511 757 709 617 338 370 565 211 380 511 573 441 833 700 462 763 421 491 591 781 665 564 592 538 326 690 414 762 839 845 420 784 174 258 296 452 542 772 409 380 411 181 606 555 314 693 418 723 561 764 322 580 777 314 596 717 432 509 595 700
632 774 310 808 374 310 673 740 759 604 468 509 529 726 341 832 327 558 419 308 315 628 380 367 754 309 405 287 360 364 696 808 854 499 791 260 558 246 783 407 552 419 600 384 349 755 446 781 764 662 670 860 669 460 595 259 649 300 663 283 720 767 386 387
372 496 319 396 272 766 737 345 431 556 256 816 268 640 582 876 592 844 375 714 187 688 753 563 695 555 725 681 757 502 506 828 849 764 698 396 626 405 424 651 828 757 547 256 340 231 184 361 327 449 244 330 752 499 518 541 609 777 249 655 455 405 278 683
547 710 531 657 336 630 737 409 820 621 660 353 778 635 660 884 370 899 630 455 557 429 428 574 500 490 753 656 247 327 325 282 793 229 489 420 314 303 738 434 780 831 301 757 336 718 586 534 538 256 324 625 323 640 286 817 565 564 589 345 358 553 593 529
357 619 678 473 360 369 606 285 297 784 385 686 425 489 665 397 367 602 595 462 369 533 731 230 447 296 430 609 406 234 526 533 322 378 440 162 509 611 733 668 489 806 493 860 506 754 298 720 799 297 522 784 559 852 609 731 367 743 361 704 416 818 618 844
276 530 171 746 189 761 386 360 410 207 480 254 133 168 175 362 731 163 827 300 511 341 517 555 335 354 162 740 267 371 311 797 530 567 730 293 875 194 753 379 646 555 595 285 634 274 442 276 254 552 189 242 314 203 757 464 525 432 275 620 270 890 819 869
339 531 392 684 264 772 620 495 431 533 242 277 163 475 174 286 760 267 343 624 503 563 458 392 743 177 799 344 697 693 216 587 318 857 740 800 514 682 679 160 462 162 734 464 476 381 211 658 494 380 133 202 138 163 616 339 640 536 722 321 317 701 389 440
180 365 620 656 244 791 480 548 514 687 533 358 272 257 538 676 815 696 774 739 453 798 292 496 235 259 222 512 297 570 586 489 254 643 417 456 422 612 729 621 587 211 533 449 724 583 549 272 658 586 392 765 237 710 465 657 204 703 366 420 307 345 113 165
168 581 556 470 614 773 790 578 377 747 504 254 751 218 758 368 869 237 499 520 350 662 233 609 124 282 471 264 360 538 723 648 643 848 348 786 202 442 395 270 723 336 648 731 747 558 323 824 268 670 444 593 572 302 639 561 170 506 388 694 466 236 207 192
127 588 179 679 263 761 644 567 514 428 426 341 423 392 606 573 322 486 638 349 212 347 410 618 266 318 270 252 273 409 423 763 755 572 580 562 301 216 291 345 211 678 350 750 751 646 302 786 606 425 631 235 264 148 350 287 707 702 742 768 455 281 381 430
713 343 699 719 511 355 532 542 607 251 653 638 400 796 451 681 298 412 574 684 801 424 692 693 206 714 487 491 314 597 260 755 567 309 404 152 779 369 771 321 684 804 805 811 558 475 359 425 430 605 723 402 454 200 665 573 836 662 480 299 768 643 302 543
512 756 409 792 494 642 743 403 472 417 590 626 298 284 385 332 462 537 253 832 768 751 490 732 704 352 803 346 299 394 563 687 301 506 582 292 648 620 436 638 702 810 793 586 633 295 644 687 442 306 811 204 565 620 708 522 448 583 253 289 606 621 487 461
431 876 542 739 283 857 632 748 484 719 145 303 146 621 446 547 793 445 475 441 608 623 764 323 830 286 858 714 413 692 725 622 197 678 320 438 665 646 285 358 414 446 615 267 522 380 559 408 249 422 359 413 772 204 460 407 413 699 586 476 691 492 481 223
461 519 693 853 607 581 618 261 411 650 137 685 313 435 235 251 774 659 729 414 854 757 691 422 713 421 323 694 756 315 457 232 645 693 433 863 734 844 373 252 530 191 780 349 800 633 376 796 345 716 202 452 532 698 275 334 750 256 694 412 818 244 836 554
256 770 629 303 748 202 704 221 347 300 400 543 235 588 595 778 865 559 874 821 741 754 658 728 453 330 619 499 837 755 661 637 238 391 174 792 453 724 493 247 497 134 547 304 829 462 644 290 608 172 265 225 725 378 671 395 458 336 584 452 487 592 260 338
129 479 587 602 762 213 709 743 179 817 222 447 633 751 397 463 328 811 318 677 543 379 278 226 439 419 586 649 548 404 726 501 720 270 404 418 306 270 341 749 622 515 859 650 696 229 500 176 389 200 612 504 329 742 448 601 366 536 273 764 285 315 602 218
295 631 654 744 684 357 314 382 366 587 624 691 600 435 463 720 230 611 449 682 573 574 826 460 781 557 223 829 337 515 309 802 676 671 423 317 551 691 684 470 403 309 430 317 297 217 395 282 283 217 764 569 761 919 620 930 252 849 356 393 149 314 500 560
712 906 233 778 540 360 763 628 498 543 667 487 612 507 364 585 506 821 569 710 319 282 826 640 791 417 551 434 759 645 546 853 483 312 348 469 561 394 524 758 449 522 556 731 735 699 658 255 373 633 725 751 299 835 476 951 422 804 160 753 198 633 160 389
524 821 409 712 301 675 237 867 670 708 821 409 630 361 738 384 508 303 236 268 500 660 276 684 414 288 649 424 577 813 849 791 618 623 618 786 732 473 757 788 768 855 653 623 686 312 819 338 294 493 619 371 230 253 354 370 309 837 313 515 639 556 381 458
262 688 737 303 219 378 419 633 507 756 256 527 517 636 801 700 428 600 409 722 218 827 514 384 382 404 591 327 388 446 603 258 802 609 714 430 367 748 579 707 594 472 672 486 619 583 381 420 498 256 685 168 316 452 349 523 454 677 643 260 505 216 268 653
747 701 644 657 402 205 195 614 382 864 207 717 602 527 417 521 765 457 710 286 208 659 340 553 722 540 361 795 740 711 550 773 684 310 590 767 254 607 364 485 293 499 202 241 199 774 621 588 627 215 847 683 807 474 291 288 829 542 875 214 698 493 408 719
340 275 508 681 685 553 540 387 707 323 331 180 505 269 577 377 795 714 493 492 606 337 212 642 420 559 516 805 720 792 462 850 578 640 405 296 479 533 651 497 522 657 458 287 611 518 621 736 586 567 402 274 547 672 479 444 497 618 716 615 773 601 345 501
120 347 174 272 339 519 291 348 635 349 647 243 827 623 809 793 774 494 332 463 463 434 355 252 594 695 766 813 652 555 798 258 409 350 316 272 468 699 822 734 702 451 232 424 242 683 239 334 521 719 799 813 599 537 756 692 210 722 311 781 650 274 232 609
696 461 638 738 716 747 690 393 646 523 489 505 635 602 392 780 448 660 792 692 819 607 822 344 717 555 701 488 510 417 763 173 744 200 802 338 571 404 289 594 779 358 426 322 276 455 197 568 364 862 597 606 775 426 642 403 457 547 596 802 826 431 508 313
505 601 388 786 544 854 660 445 404 779 396 779 279 466 489 412 616 371 810 435 877 738 573 407 782 518 604 800 588 617 470 218 364 144 490 291 679 672 715 337 579 349 793 494 354 467 183 234 412 363 219 806 208 448 438 353 197 709 503 574 423 683 721 244
497 541 226 776 646 764 480 654 712 569 468 758 291 462 192 573 442 501 641 343 320 323 686 500 336 409 372 559 194 677 157 702 390 653 500 475 486 204 430 276 509 618 437 611 229 702 437 473 248 420 190 328 707 182 307 261 336 633 222 582 536 361 633 369
174 555 479 458 407 424 356 371 271 624 430 785 260 384 666 363 453 455 755 291 292 513 643 760 221 592 235 285 643 288 631 304 778 807 362 429 757 342 433 664 413 396 702 320 605 345 372 400 227 217 538 509 598 445 171 780 144 711 270 476 300 636 747 719
126 239 566 223 768 177 240 151 156 392 231 729 378 680 559 433 629 496 335 704 645 805 347 453 640 600 730 543 703 559 435 704 451 714 400 492 766 625 313 248 674 325 678 240 413 319 395 701 723 419 287 204 323 441 342 256 717 280 502 410 220 457 191 354
385 539 263 430 303 238 464 605 426 272 399 391 171 364 443 755 498 438 788 812 584 866 343 331 384 154 709 156 582 286 605 426 567 339 676 777 817 566 836 670 760 159 543 188 697 415 444 297 395 210 545 109 212 311 202 631 454 674 528 480 206 268 701 402
202 529 232 265 193 419 646 711 596 469 749 481 709 730 732 654 728 340 893 633 752 819 345 377 669 687 563 551 323 571 562 343 569 148 443 205 644 666 775 870 550 578 803 403 402 683 303 753 569 264 369 197 247 694 722 308 763 735 801 275 581 188 792 299
83 318 89 325 281 228 501 767 812 782 493 688 687 863 775 883 396 828 744 485 346 621 603 710 243 683 486 752 781 652 369 440 345 464 638 316 850 832 600 853 744 655 743 683 297 461 496 467 767 473 319 292 222 179 642 412 505 622 691 353 749 554 454 545
43 412 110 654 563 758 745 867 356 713 591 288 851 427 713 544 778 290 503 411 413 279 429 507 476 320 781 368 629 442 486 805 458 511 747 578 366 802 285 266 441 344 435 491 642 782 758 690 724 620 395 444 469 649 578 302 557 402 312 362 651 151 327 180
544 739 311 834 472 390 335 229 502 221 314 195 544 610 641 251 382 589 490 664 705 297 456 271 380 328 789 657 714 832 637 734 774 430 511 680 738 677 752 418 489 217 719 400 409 746 818 553 495 318 393 756 362 550 506 361 233 179 721 485 814 459 465 172
315 756 573 532 288 180 602 194 602 305 366 642 773 727 643 729 383 646 326 800 465 416 406 515 672 568 281 470 732 544 396 694 435 804 436 818 262 448 232 639 629 689 829 809 596 628 594 344 700 591 782 332 679 413 457 481 428 579 537 310 258 568 337 228
420 412 283 218 501 110 325 346 524 772 741 629 593 684 703 384 694 381 587 807 273 691 389 498 694 404 455 719 248 485 475 277 537 745 271 514 708 465 857 440 797 435 831 605 665 417 565 463 476 270 395 639 513 335 337 542 303 356 479 250 560 294 248 621
194 192 698 598 803 433 514 435 624 343 582 443 242 695 419 798 676 818 248 646 302 364 242 214 750 513 747 571 657 521 330 468 412 241 812 392 797 279 912 733 822 821 265 760 165 535 326 700 694 690 200 403 379 236 304 682 562 555 477 455 283 740 752 873
121 626 388 189 211 161 246 451 479 474 681 317 239 445 483 630 285 765 616 686 505 216 750 347 426 332 769 397 488 696 626 468 762 497 733 794 666 523 376 743 449 930 144 885 269 454 185 439 329 258 240 596 275 381 259 172 464 242 390 258 711 230 597 233
299 501 564 341 474 726 345 596 226 571 591 516 332 611 218 700 347 464 352 595 275 556 468 628 298 681 771 697 509 573 698 268 831 722 740 873 632 597 418 498 501 384 498 529 445 598 182 663 692 460 282 266 591 247 445 458 545 559 243 740 353 706 263 529
150 260 190 699 485 621 243 780 671 687 211 415 187 441 165 448 622 378 688 665 645 501 381 671 679 582 849 506 868 591 495 289 300 519 476 317 795 281 235 707 182 737 677 679 211 828 182 609 374 245 490 340 543 320 705 605 438 368 397 643 288 774 490 341
82 714 266 654 476 269 429 516 453 445 290 598 325 319 508 449 437 467 788 550 473 837 529 812 749 295 441 630 826 290 630 245 751 496 353 777 304 536 615 615 318 713 748 550 301 520 386 599 529 288 716 688 437 436 562 596 471 841 338 759 327 740 261 742
603 304 275 476 670 652 681 341 762 401 571 766 573 686 585 311 627 156 331 492 548 807 662 589 334 298 449 469 274 453 643 537 736 602 343 400 600 528 491 502 511 315 524 454 325 259 230 273 355 384 729 771 587 288 578 696 513 449 676 800 497 357 191 606
887 473 754 318 355 402 240 426 637 569 809 701 641 422 246 353 431 117 610 291 574 447 250 733 457 707 457 677 529 345 341 310 499 433 526 461 205 690 415 740 341 418 352 316 479 715 252 568 484 762 580 469 795 332 681 234 291 630 425 512 376 347 673 466
781 333 511 747 750 476 263 374 548 607 361 769 716 815 329 596 636 240 389 409 409 663 345 775 194 602 624 734 628 273 266 394 225 768 410 379 736 635 668 354 737 207 498 294 576 821 733 857 431 342 357 582 535 261 407 647 523 402 705 237 265 779 489 846
404 170 644 457 622 762 391 440 571 625 796 776 461 327 698 501 350 562 271 779 307 588 167 775 331 602 724 511 469 663 479 757 739 692 285 640 356 843 321 551 458 273 262 747 388 773 669 477 438 446 431 624 737 706 838 690 687 718 868 282 578 837 357 594
381 263 780 297 701 467 453 424 802 806 310 604 782 787 846 633 654 451 635 506 536 821 565 670 456 495 348 660 604 466 586 389 702 652 239 295 325 495 427 458 237 441 398 350 569 408 301 236 300 442 388 662 296 308 645 255 351 251 675 709 685 680 569 214
193 478 473 475 253 580 699 468 816 732 774 562 391 391 474 505 577 333 670 476 237 401 369 465 154 397 211 552 583 693 600 631 401 433 212 452 473 358 617 365 568 576 216 650 201 283 307 250 394 256 652 818 366 618 282 269 388 587 289 406 521 388 241 446
516 602 416 591 299 249 445 625 535 534 682 790 229 624 235 762 185 374 442 570 543 443 523 729 403 622 397 694 539 647 568 679 194 277 441 310 556 573 705 274 746 223 657 563 719 772 652 354 826 298 458 635 514 405 605 633 758 312 564 315 761 788 766 616
382 361 638 464 422 503 154 261 259 819 296 627 533 872 298 735 374 265 327 669 349 599 298 805 241 616 633 417 323 630 472 386 237 378 332 526 664 446 297 698 666 174 290 371 388 248 695 616 624 507 607 241 450 214 800 615 832 342 834 680 459 458 395 550
411 188 452 432 482 176 769 303 618 814 622 878 739 585 607 778 357 355 279 570 192 713 421 776 191 246 705 493 454 333 227 444 561 804 540 684 217 765 656 360 870 575 674 726 301 280 746 689 714 408 334 367 538 184 548 650 861 398 919 787 736 229 241 197
335 236 536 587 445 545 627 276 648 249 633 332 320 300 600 668 480 785 517 483 267 422 266 509 291 342 244 229 407 214 275 609 216 773 266 627 152 631 382 274 807 538 514 663 513 557 492 186 561 235 491 733 401 349 245 326 505 586 277 730 495 813 527 676
542 735 674 842 602 659 401 565 395 452 651 225 674 107 793 274 865 747 606 385 378 168 311 201 400 197 369 360 216 611 201 766 534 815 447 887 339 731 276 369 668 483 498 609 504 331 457 516 524 170 346 349 129 704 196 435 384 837 503 784 608 454 657 838
270 793 423 902 381 568 547 776 303 413 360 360 717 417 565 346 443 206 495 580 628 460 299 631 179 276 521 324 549 679 673 709 549 603 426 668 236 820 401 812 649 829 479 840 253 443 508 663 301 396 172 757 641 848 664 538 815 539 549 275 404 200 767 287
162 205 224 496 521 873 779 717 271 583 551 605 430 251 829 553 583 456 314 252 795 513 429 628 503 504 502 792 316 844 813 514 704 766 606 364 728 301 536 599 291 347 344 399 269 457 642 659 630 784 191 847 292 709 201 856 274 720 309 735 555 504 753 196
352 252 722 456 328 754 835 485 805 216 728 458 807 653 801 819 387 340 445 328 532 481 684 571 408 835 261 546 299 560 394 346 308 228 208 384 514 391 446 292 274 552 131 351 342 201 538 507 762 432 294 654 515 281 291 699 653 631 291 696 501 500 547 746
726 534 535 808 766 478 339 730 523 637 438 756 511 370 811 572 462 744 666 392 829 815 791 868 712 599 340 666 644 509 419 593 650 715 372 651 659 381 417 543 313 722 258 554 731 364 365 650 540 684 244 602 622 411 442 558 229 578 292 383 590 795 506 662
343 208 381 389 338 733 470 696 375 601 203 526 511 457 493 777 568 505 262 691 855 301 812 524 365 377 833 478 798 558 424 228 643 258 749 561 392 578 404 286 264 808 137 576 268 798 546 376 378 776 438 681 230 730 604 701 384 295 433 307 260 808 296 543
609 286 506 589 180 770 300 453 315 704 174 257 385 548 402 473 379 543 382 573 238 277 396 168 761 500 712 782 292 412 477 465 639 219 355 352 240 242 449 254 518 722 714 869 554 868 289 668 461 352 267 762 178 264 494 328 478 328 576 600 559 358 683 830
745 352 299 747 670 604 230 353 408 406 476 221 784 437 496 604 175 377 438 809 449 608 428 371 474 389 809 698 476 512 242 778 332 512 296 639 350 789 409 792 304 402 564 526 496 705 272 477 651 381 462 614 186 752 264 465 450 440 735 676 449 518 729 410
