514 464 610 284 258 264 416 434 10 292 36 192 102 204 484 250 122 502 618 468 694 146 518 140 512 100 270 538 278 140 172 508 364 64 568 430 572 350 590 250 342 90 704 204 64 2 738 444 408 200 136 42 478 178 54 100 348 158 578 54 320 262 414 248
218 522 644 790 780 500 658 708 62 660 810 458 54 46 282 202 684 436 500 368 646 646 262 68 54 776 638 734 364 548 530 22 326 670 634 72 678 120 678 252 144 486 748 108 436 314 792 118 654 18 540 282 162 8 62 408 766 32 238 262 506 474 326 690
30 6 8 12 0 0 6 0 10 2 6 0 8 0 2 4 0 0 12 0 0 2 12 10 10 10 6 16 12 0 6 2 4 6 4 58 2 22 16 0 6 4 8 4 22 2 28 6 12 2 4 10 0 16 8 16 8 4 4 8 4 0 4 4
10 4 18 12 10 4 4 6 14 8 6 10 6 10 8 0 0 0 16 2 6 4 18 8 8 16 6 36 0 2 2 6 16 6 6 24 8 6 18 16 0 2 8 2 14 12 6 2 8 0 10 4 0 4 2 2 2 80 6 34 16 12 12 10
4 18 2 16 4 14 4 2 12 12 6 6 2 10 24 12 2 2 18 14 48 6 12 6 2 2 4 14 34 2 22 10 12 30 6 8 2 2 0 6 14 2 10 16 4 4 2 22 0 2 16 6 2 14 6 26 8 24 4 12 2 0 44 12
6 10 0 0 4 0 12 2 16 12 10 18 12 4 2 10 2 10 0 12 0 8 32 6 58 44 6 12 8 4 14 8 0 14 10 4 0 4 14 4 4 22 14 10 20 32 4 18 12 24 14 4 4 16 2 12 8 0 18 14 22 12 12 22
8 6 2 6 4 18 16 30 10 18 6 20 2 10 16 0 0 10 4 2 18 8 16 2 6 6 2 10 8 26 20 6 12 32 8 8 2 6 10 4 22 2 4 12 16 0 18 2 38 18 26 10 2 18 0 12 6 6 10 2 0 14 2 8
8 8 2 12 2 2 0 10 10 16 4 10 4 6 2 4 4 8 0 10 12 10 0 8 6 6 6 14 2 6 14 6 2 6 4 2 6 10 12 0 36 20 14 2 2 4 4 6 6 6 6 2 0 14 6 4 8 30 0 2 0 8 0 6
4 12 14 2 4 10 8 10 0 14 4 10 18 0 4 8 10 4 16 14 0 4 2 4 0 2 6 14 20 6 14 22 0 18 12 4 2 8 4 0 4 10 4 18 22 4 0 8 6 10 8 2 2 8 0 8 18 6 2 4 0 8 12 28
12 8 6 4 6 10 2 14 8 8 0 6 6 8 14 0 18 8 22 8 6 6 4 4 2 0 24 12 6 8 32 18 10 14 14 0 16 4 10 2 12 2 18 2 12 0 0 14 2 2 2 2 2 10 0 20 8 0 8 4 12 26 16 2
30 12 10 2 20 4 0 4 4 26 8 0 0 4 10 4 2 4 4 8 6 2 4 0 14 4 4 14 14 20 0 10 14 4 8 2 22 2 6 2 12 4 10 6 10 6 8 2 0 20 2 2 0 2 14 22 10 6 8 28 6 36 12 2
20 0 8 2 8 6 8 8 6 8 10 4 6 10 38 2 16 20 12 8 6 6 2 26 8 2 10 20 0 4 4 28 16 10 4 18 2 18 4 10 6 8 2 4 16 10 20 14 28 18 0 58 2 4 2 6 10 10 0 4 14 2 26 0
4 0 8 6 2 2 24 2 30 2 8 4 14 8 2 28 6 0 14 10 2 4 8 16 12 0 10 20 8 0 2 24 6 12 20 16 6 18 2 12 12 4 4 2 0 10 8 2 16 2 10 18 2 8 8 38 4 42 0 32 30 0 26 2
30 12 4 2 4 2 22 0 12 0 0 2 10 0 68 10 8 2 10 0 18 2 2 16 0 16 18 18 0 36 8 6 4 22 24 20 14 10 0 14 6 12 2 8 8 2 0 2 8 2 10 4 6 8 2 6 2 30 16 12 6 64 6 34
4 0 8 2 8 4 8 4 10 10 12 12 34 10 4 2 8 4 2 14 4 16 22 4 28 16 4 34 0 14 12 20 6 28 10 34 6 54 4 28 0 10 4 12 2 6 2 2 0 2 6 20 2 0 2 18 0 14 10 4 2 14 16 30
20 16 10 0 6 2 8 2 16 10 12 4 4 2 14 18 18 0 4 2 2 16 8 12 0 16 16 8 8 22 24 14 2 10 12 20 6 12 0 6 14 4 10 6 14 10 8 8 14 2 4 8 6 2 6 2 24 12 16 6 4 4 12 0
6 6 4 2 4 2 4 28 4 10 26 10 22 10 24 6 2 2 14 6 8 14 0 20 2 8 10 0 14 12 0 16 16 6 8 0 16 4 2 2 12 26 4 0 18 6 16 2 6 2 8 24 4 4 6 18 12 8 4 14 12 10 2 2
8 8 8 2 2 8 0 4 4 0 8 6 0 0 8 18 2 12 2 18 36 0 12 10 6 8 2 2 14 24 8 28 2 26 22 18 48 14 26 0 6 12 0 4 8 2 0 16 4 10 0 6 6 2 14 4 22 4 28 2 2 4 0 2
14 18 0 4 12 24 2 34 0 4 2 12 18 0 0 6 0 10 8 32 14 16 28 4 8 16 2 2 0 14 4 10 38 4 30 10 18 14 12 10 0 6 2 2 14 4 24 16 0 14 4 2 4 0 14 0 6 6 10 4 14 0 2 0
50 24 8 6 4 10 8 0 0 4 2 2 20 8 26 0 10 24 6 8 6 4 2 6 6 2 14 28 2 0 8 0 2 18 4 36 2 28 8 4 6 6 18 0 14 4 0 6 6 10 8 10 2 4 10 14 14 0 6 2 8 4 18 12
6 6 14 4 2 16 4 14 0 2 2 12 12 4 6 4 4 4 6 0 2 22 18 4 28 10 0 2 14 0 6 18 22 22 6 0 0 20 0 4 10 26 3 22 0 20 0 30 16 18 4 8 6 6 10 2 6 0 18 4 18 4 4 28
4 8 30 0 18 14 14 8 0 14 6 4 16 0 10 6 0 10 2 2 4 10 0 10 8 2 2 0 2 4 10 4 6 4 2 6 6 20 4 0 12 2 14 10 4 4 2 14 10 10 20 2 10 4 6 4 14 6 22 2 6 6 34 14
46 2 10 10 6 8 4 10 4 12 10 14 2 4 4 16 8 22 2 4 6 0 2 16 16 6 6 2 12 18 0 2 2 4 0 26 6 14 20 10 42 2 20 8 6 14 8 2 8 4 6 8 6 0 26 2 0 10 12 4 8 4 2 0
2 2 18 0 32 4 8 6 2 26 14 2 14 2 4 32 2 10 4 6 0 12 4 8 0 2 10 8 0 18 8 14 16 8 28 2 6 32 6 2 2 2 4 2 2 10 18 14 8 6 2 18 4 22 2 2 4 18 2 0 32 2 34 20
0 20 10 26 6 18 4 6 6 4 4 4 0 14 6 24 12 0 6 2 0 8 2 16 4 0 4 4 10 4 0 0 0 12 14 0 4 6 12 4 16 8 24 0 2 6 6 2 6 4 6 0 4 14 0 28 4 30 2 10 6 0 30 14
12 6 4 4 2 6 2 4 4 4 2 2 4 6 4 24 2 0 4 10 10 2 4 10 4 8 6 2 2 28 10 8 4 2 0 10 2 4 8 4 8 2 6 0 2 2 14 6 16 14 6 18 6 4 16 16 6 40 10 30 8 0 14 2
22 8 14 0 8 2 4 8 4 6 0 6 6 12 8 28 2 16 4 22 4 6 6 2 2 0 2 16 8 14 2 0 2 6 0 12 18 22 8 2 0 2 10 10 0 0 18 0 2 10 16 2 6 4 6 26 6 16 2 2 2 0 30 24
30 2 70 4 40 8 30 2 28 6 6 4 0 2 26 6 10 4 6 12 16 6 10 0 0 10 2 4 2 16 2 14 4 22 4 0 2 14 52 2 36 2 28 0 16 2 12 8 4 14 0 0 6 14 2 16 0 8 22 10 2 4 22 18
2 14 26 6 16 0 6 4 0 4 22 4 4 24 2 18 10 2 8 16 12 4 4 2 8 2 0 0 8 12 12 10 2 10 0 20 14 6 22 8 4 4 16 2 14 8 6 18 2 2 2 38 8 6 4 30 6 2 0 12 4 4 8 2
8 14 8 4 14 2 6 0 0 8 4 28 2 22 16 32 0 26 4 8 0 16 26 8 2 4 12 2 2 4 6 4 26 2 8 4 2 26 28 2 40 6 2 18 0 2 10 14 0 22 6 2 2 32 0 0 12 12 36 14 24 2 26 2
10 10 0 20 2 4 10 8 6 14 0 12 2 24 4 26 0 18 0 12 2 6 10 6 20 2 8 2 4 20 30 4 0 6 6 8 0 4 24 2 4 8 6 28 2 14 4 22 6 6 8 4 6 0 14 0 0 8 18 18 16 6 12 22
12 4 2 8 2 18 4 2 0 2 8 0 6 2 2 74 2 22 2 8 20 2 10 2 8 2 2 2 0 18 2 18 18 10 8 26 8 2 0 12 4 26 4 2 22 4 0 20 6 4 2 30 4 22 20 4 20 0 4 4 24 0 10 34
0 8 10 4 2 2 2 0 8 2 2 2 2 0 24 10 12 2 2 10 0 8 14 6 10 6 28 0 4 8 20 8 4 12 8 4 6 14 2 2 6 12 20 2 6 2 24 8 6 14 2 4 4 4 6 10 24 0 0 2 18 12 22 16
2 6 8 32 12 0 4 0 4 0 4 4 0 4 34 14 24 14 10 2 2 10 6 8 2 10 6 4 0 0 2 0 2 12 10 4 16 10 2 6 6 2 10 4 12 6 20 4 24 10 6 2 4 20 6 36 2 0 4 10 2 10 0 10
12 16 5 2 10 2 22 4 10 0 4 16 18 2 6 6 8 2 0 12 6 8 10 80 4 26 12 0 4 4 10 14 22 16 0 2 2 2 26 20 8 4 8 4 6 4 2 6 6 30 8 14 14 6 4 24 0 8 16 12 8 8 32 6
38 4 4 12 4 6 12 2 8 4 0 2 14 6 10 12 2 0 8 8 12 8 10 16 10 18 10 4 4 4 2 0 8 22 4 16 4 18 0 6 6 6 20 4 2 4 0 8 4 10 4 18 4 4 10 10 0 2 8 8 4 6 22 22
6 6 4 8 10 14 2 6 26 0 26 4 8 0 2 16 16 8 14 2 20 0 14 0 2 8 4 10 2 0 0 2 4 10 8 24 6 6 18 24 22 36 0 14 2 12 8 2 4 34 8 8 12 4 0 22 4 0 10 4 4 2 26 16
2 18 2 10 2 0 4 8 8 4 12 4 4 6 0 10 18 6 18 6 0 0 14 20 2 22 4 18 8 14 0 0 2 4 0 4 0 8 8 6 10 34 0 14 4 16 34 4 30 6 38 6 4 16 18 2 0 6 2 8 8 12 16 8
24 16 18 10 2 24 10 28 28 6 26 2 18 4 10 0 0 10 0 2 10 4 34 2 10 0 8 6 4 8 4 22 6 4 0 12 24 28 4 26 2 12 0 14 24 6 8 12 4 6 12 6 2 30 6 6 4 4 6 4 0 16 18 28
2 0 0 24 4 0 8 18 18 12 6 14 14 14 14 8 0 10 24 8 10 4 8 20 8 22 12 16 6 4 2 2 14 0 0 2 12 6 2 10 2 26 14 6 8 4 48 14 28 2 4 10 2 34 14 2 0 2 0 2 6 2 18 2
20 10 4 8 6 4 2 2 0 2 4 2 2 6 0 2 12 2 20 0 6 0 6 8 28 10 0 10 4 6 4 20 10 2 12 12 2 12 8 0 2 34 26 20 8 4 6 12 2 2 0 0 2 52 22 12 12 8 8 8 14 8 16 6
8 12 2 32 6 20 24 26 2 6 0 0 0 10 2 0 14 16 6 8 16 2 12 6 6 4 10 14 8 6 6 12 8 4 16 20 0 0 18 10 4 28 6 16 2 10 6 8 4 2 0 2 12 6 12 6 0 0 4 0 6 0 12 14
2 0 8 2 20 0 2 2 2 4 0 6 0 10 6 2 2 0 8 10 6 4 8 4 4 22 6 8 2 24 6 20 2 2 12 2 0 10 16 12 4 14 8 4 4 10 14 10 14 6 8 0 10 8 4 12 2 2 18 2 0 4 2 12
14 4 4 4 6 2 2 6 8 8 6 22 14 6 4 2 0 0 16 0 2 14 2 2 0 38 10 18 10 12 2 14 6 6 24 12 0 4 10 4 4 0 14 0 6 4 2 14 0 2 4 0 6 8 6 2 4 2 32 2 4 0 14 24
32 18 6 20 12 32 0 32 2 2 6 0 0 0 6 14 2 12 14 0 26 2 2 4 16 10 12 18 6 6 2 10 8 4 4 4 6 38 2 10 2 4 4 8 6 6 0 12 8 16 2 4 2 6 0 2 8 4 16 22 18 12 16 12
4 4 6 0 4 8 0 2 4 0 0 24 4 2 22 20 0 10 10 14 2 14 10 34 4 2 26 4 2 16 10 6 8 0 20 0 6 18 2 10 6 10 12 16 0 22 12 14 8 2 12 6 52 14 36 4 28 12 8 16 0 2 10 10
0 2 2 18 8 12 16 0 0 8 6 4 6 12 6 2 18 18 6 6 4 10 4 8 4 2 2 8 4 0 2 4 0 6 6 8 2 4 18 4 8 28 2 8 8 2 18 4 6 0 28 4 0 6 4 24 2 4 42 10 16 4 4 8
54 12 26 4 10 2 14 12 2 2 12 14 20 4 22 10 0 0 6 10 0 2 4 18 2 4 2 0 8 6 2 6 2 12 4 18 0 24 10 12 8 2 0 6 0 10 4 2 6 8 22 2 2 18 2 4 10 8 10 2 2 8 10 26
12 26 26 2 4 6 14 10 12 4 8 4 0 6 2 0 14 4 6 6 14 0 4 18 2 12 18 2 4 2 0 8 4 12 4 2 12 4 10 0 20 12 0 8 8 2 16 18 24 4 2 2 8 34 0 32 6 8 6 0 0 2 8 0
4 18 14 18 6 8 12 12 14 40 8 0 24 8 0 48 4 2 2 0 4 16 12 14 0 14 16 8 0 4 10 10 0 6 30 2 20 0 4 4 14 0 8 10 6 6 12 8 10 2 4 14 4 20 0 30 10 24 4 14 2 4 2 8
2 12 0 8 6 46 8 28 2 12 34 6 10 4 6 14 6 12 24 0 6 16 10 0 4 12 6 8 6 16 6 36 16 0 0 28 2 14 0 6 2 8 2 0 0 2 12 8 44 2 2 0 12 2 14 6 4 0 2 8 0 10 8 8
10 12 22 4 8 10 12 38 2 18 14 28 10 18 4 10 6 6 40 2 8 4 16 2 2 6 10 2 4 18 6 16 4 14 10 4 8 0 2 2 14 2 0 4 2 2 28 18 6 0 0 2 0 2 0 4 14 2 8 20 6 16 6 2
16 4 2 4 16 4 2 30 10 28 4 6 8 6 2 0 12 4 14 4 6 0 18 2 2 2 2 8 14 12 2 2 4 14 10 14 24 18 8 4 4 0 12 12 0 6 2 12 6 0 0 6 4 2 2 32 4 4 18 8 0 6 4 2
24 26 14 4 4 2 6 6 0 2 8 4 10 8 2 0 30 8 2 0 24 26 56 2 20 2 2 0 6 4 14 0 10 6 2 6 4 4 0 32 4 0 6 8 20 0 4 4 4 0 2 6 6 10 8 2 8 0 0 2 6 6 2 16
14 30 2 2 4 4 8 0 6 8 4 4 0 4 12 12 10 6 32 2 6 0 10 6 6 6 50 0 10 34 4 4 12 4 6 2 2 2 2 20 4 2 2 18 18 4 10 4 6 10 6 24 4 16 0 4 4 42 8 18 12 18 2 6
50 24 18 10 22 6 14 4 26 16 6 6 4 30 8 10 4 6 4 6 14 6 20 14 22 28 6 6 12 4 0 4 8 2 18 4 4 10 2 6 6 0 24 8 14 0 4 12 10 8 14 4 10 10 4 10 2 8 4 2 6 4 16 18
18 22 4 2 34 6 6 2 18 8 0 4 2 2 4 14 10 2 20 4 34 0 12 4 0 12 4 0 22 2 4 20 6 2 16 18 14 16 2 4 2 24 2 0 6 4 2 12 0 16 18 10 28 12 6 6 2 2 18 2 6 0 10 20
12 6 4 12 0 28 0 14 6 4 4 8 2 10 2 0 4 4 4 16 4 24 4 0 2 0 4 2 46 2 6 8 0 16 12 6 4 10 2 0 4 10 4 32 10 12 2 6 0 16 20 12 4 24 6 24 2 22 12 4 0 4 6 32
16 14 16 8 6 0 24 4 0 6 14 10 2 0 2 2 4 12 8 50 26 38 28 2 24 14 14 2 8 2 2 26 10 6 2 16 2 2 12 18 2 28 8 4 2 6 4 2 10 0 14 8 2 22 10 2 18 8 4 20 16 8 6 12
8 4 12 2 4 6 12 4 14 4 0 2 2 2 4 2 6 6 6 10 12 6 14 4 0 0 18 12 14 2 18 2 4 8 6 10 0 22 16 8 2 4 6 6 0 12 2 28 6 10 8 0 20 12 10 12 14 10 2 6 2 2 6 0
6 6 6 6 6 2 0 12 8 0 0 0 2 2 4 12 4 2 14 32 8 28 8 2 2 2 26 12 4 18 2 2 2 18 6 4 18 2 4 2 6 4 4 4 6 4 6 2 0 0 8 14 8 0 36 52 16 0 2 4 0 2 2 6
4 20 4 18 0 18 2 14 0 6 2 8 8 8 2 2 4 0 0 0 14 0 32 12 10 8 22 2 10 6 2 2 2 16 6 4 12 26 4 12 0 0 12 12 22 0 24 4 6 0 18 26 16 12 12 2 0 0 22 4 8 2 0 14
8 32 0 22 4 6 4 2 0 2 10 14 8 8 2 6 8 16 10 12 0 2 16 4 4 4 6 8 26 6 10 8 12 6 2 2 18 4 8 4 16 8 2 12 6 18 10 4 18 4 2 4 4 0 4 2 6 0 10 14 2 0 18 0
18 12 6 14 8 4 4 0 4 6 4 2 2 18 8 0 0 8 2 28 2 2 2 4 6 12 2 2 0 0 0 2 14 10 8 10 18 8 14 12 4 10 0 8 0 8 4 0 14 0 42 4 14 1 14 2 18 2 4 6 4 18 0 14
