91 56 913 571 401 281 807 206 542 673 570 313 657 575 854 266 492 153 180 767 912 443 79 695 69 685 553 967 631 432 669 225 381 648 976 957 903 990 189 888 344 699 928 389 537 401 102 40 803 191 641 340 899 354 459 593 224 523 19 709 307 912 850 898
367 794 918 1000 56 325 106 929 490 946 51 229 563 482 399 583 183 710 862 717 960 109 350 488 375 107 41 980 211 206 738 459 300 905 211 534 126 696 104 511 564 869 121 608 793 659 913 464 166 416 197 607 479 528 497 803 936 607 349 483 782 882 372 218
335 788 468 755 346 343 666 622 500 560 667 832 509 235 591 491 550 456 532 855 521 265 327 412 609 613 239 355 604 401 610 696 536 501 259 424 542 663 435 473 279 919 500 484 169 328 655 355 372 471 730 624 272 175 632 753 584 337 350 656 535 728 345 436
1008 415 369 544 700 622 947 883 231 372 368 334 446 706 421 541 839 714 744 52 638 737 388 459 497 585 442 255 0 362 783 696 568 511 344 495 455 640 382 191 791 192 493 630 831 791 687 610 422 469 83 391 874 466 421 401 884 425 303 386 777 444 487 480
511 535 681 545 300 434 291 890 828 534 632 278 625 500 363 700 717 456 304 538 507 147 492 479 717 576 547 838 712 367 700 166 293 256 715 560 861 605 838 154 546 641 808 619 221 181 417 764 652 217 650 688 340 703 705 640 498 495 654 360 313 830 589 340
244 495 382 679 935 911 177 135 581 882 539 524 335 99 623 568 387 438 665 677 686 602 390 709 766 750 661 325 500 698 218 291 437 618 549 175 359 334 752 369 510 920 373 333 288 1017 654 265 718 840 571 234 319 509 728 152 497 485 236 648 719 330 502 785
645 776 763 492 185 241 587 560 634 70 189 562 638 766 649 199 0 712 710 157 704 546 301 276 324 361 445 514 303 1001 743 335 630 731 289 778 452 361 197 763 847 380 352 411 650 555 683 475 160 391 877 748 616 224 554 576 446 739 771 256 111 310 666 427
399 355 439 141 120 832 457 698 690 495 448 632 53 191 564 739 448 428 428 470 435 535 522 606 929 391 291 434 434 487 732 607 525 587 378 501 751 251 937 540 215 621 428 478 547 351 604 900 496 521 214 922 1023 136 306 150 418 921 671 641 667 413 451 568
307 316 186 815 694 342 695 349 0 627 209 324 686 349 503 355 552 504 645 453 408 752 524 452 416 921 892 971 411 336 645 391 392 485 375 472 539 741 475 486 564 622 890 776 777 652 328 644 849 397 250 404 392 818 938 684 320 161 238 966 835 366 188 573
643 540 87 447 694 416 141 441 558 534 773 492 123 296 70 357 870 731 109 301 486 531 688 394 699 558 807 526 374 603 284 684 869 419 244 698 411 232 418 400 587 727 567 132 426 796 962 212 259 719 917 549 308 390 415 901 671 345 574 362 286 393 603 673
372 258 766 601 206 250 544 438 219 714 377 713 760 681 237 450 405 412 786 592 457 716 482 310 428 460 198 881 674 182 591 894 569 693 351 662 790 534 677 278 462 297 429 779 426 383 258 448 903 253 235 704 542 348 693 663 508 473 501 384 491 772 266 357
592 624 712 574 201 921 816 355 595 373 559 716 500 167 448 336 201 830 748 437 475 316 462 536 776 511 749 683 326 441 722 283 307 794 794 694 542 399 627 787 533 643 884 254 347 731 738 690 290 277 404 314 442 905 691 384 387 514 579 509 255 458 575 318
608 445 342 713 683 202 839 324 126 911 496 161 607 505 695 532 483 513 588 132 199 708 494 677 711 509 423 601 944 1023 607 462 517 524 913 624 299 655 379 253 953 681 305 688 642 28 575 722 696 511 250 703 515 303 221 212 525 454 1023 217 377 479 436 480
443 806 864 768 591 74 481 795 415 67 334 796 777 600 233 612 443 665 753 413 587 465 529 592 694 461 401 466 506 422 484 701 607 564 737 634 271 367 864 802 548 773 222 217 537 449 538 410 553 446 506 307 699 450 446 623 555 726 318 658 539 610 337 451
706 521 624 221 488 698 255 659 300 586 719 390 614 739 209 142 390 363 567 732 417 386 916 582 651 569 467 472 591 628 739 441 571 864 544 487 768 710 215 381 773 303 615 788 495 669 384 262 232 292 622 534 115 452 361 468 726 62 348 459 994 490 426 391
478 736 726 109 742 593 340 9 783 646 354 329 225 681 604 293 674 718 291 399 516 212 659 541 520 436 560 273 677 685 631 542 474 577 638 660 711 707 388 811 433 333 733 455 574 822 773 167 72 552 577 471 609 267 521 357 708 693 441 157 274 427 980 634
381 626 270 304 507 387 642 468 559 707 545 114 671 337 536 620 765 722 660 590 361 349 496 316 516 488 645 382 446 706 722 520 158 598 683 617 408 253 532 708 378 299 616 414 543 569 127 562 889 75 482 678 325 567 486 454 481 312 501 570 569 741 343 733
558 381 500 524 420 500 318 445 300 0 272 933 590 727 359 476 343 337 556 310 709 785 301 572 688 262 641 732 357 454 695 345 499 380 672 706 724 603 641 659 997 428 409 725 322 692 776 57 275 628 657 545 421 68 213 228 673 658 687 555 239 607 608 323
724 562 702 629 698 487 295 558 458 722 822 481 417 315 397 625 260 501 347 925 759 498 601 546 314 435 515 291 645 437 487 397 315 644 323 608 475 357 549 294 664 269 658 364 432 415 515 642 872 344 207 394 657 315 692 671 12 519 287 92 492 602 624 656
286 496 597 260 531 517 484 436 676 463 721 346 271 596 883 784 473 265 542 369 497 359 503 342 713 751 210 664 336 421 483 965 532 381 880 243 759 336 658 772 428 613 591 697 750 430 888 450 680 693 278 204 431 703 515 676 662 473 499 520 726 284 342 807
586 539 879 641 334 518 743 484 637 271 334 960 535 410 453 458 485 754 403 438 386 304 314 332 231 702 748 557 665 487 461 529 629 734 732 739 501 782 503 820 706 387 1023 240 339 824 428 640 715 211 470 672 279 507 804 213 705 256 299 838 773 973 452 423
580 748 754 1023 388 553 522 498 964 934 509 262 328 506 267 495 673 704 441 597 670 611 266 466 687 692 269 336 774 634 131 553 579 771 509 528 535 689 382 130 813 398 253 713 511 305 486 503 362 649 503 413 709 630 260 458 659 372 295 265 506 783 793 562
461 944 597 451 882 507 401 508 496 856 755 653 590 393 804 405 531 378 619 730 122 249 668 771 532 438 587 464 349 570 803 508 328 240 220 518 654 180 710 326 341 927 578 302 507 839 538 427 256 291 840 424 764 714 348 608 432 601 641 680 791 450 825 655
790 215 339 761 804 492 376 633 823 549 411 449 654 756 806 893 223 100 114 724 908 195 514 692 679 334 261 833 649 1005 431 247 738 655 730 632 547 821 753 754 211 192 769 857 718 638 286 480 735 787 112 316 770 414 509 443 676 607 419 695 689 623 487 437
304 320 294 650 734 450 758 356 580 757 621 556 542 318 278 400 554 766 542 288 254 471 712 586 553 702 359 386 665 265 356 581 550 664 88 497 626 372 496 428 468 612 152 300 545 297 545 496 501 766 608 420 109 493 888 836 617 70 405 634 780 442 797 775
615 769 674 387 492 849 458 410 602 459 712 805 460 321 893 303 678 953 493 538 417 803 583 191 249 398 397 697 746 253 437 594 159 493 664 727 291 355 458 538 215 813 428 501 301 613 385 557 616 380 462 615 454 838 640 272 652 702 571 617 734 799 280 334
440 174 213 919 882 265 571 497 561 610 496 511 770 703 211 282 649 285 593 470 199 607 305 255 624 720 450 418 545 985 304 166 897 439 148 505 581 504 772 368 894 396 249 593 499 775 686 470 430 266 370 426 509 426 605 474 626 569 505 268 368 380 538 420
331 584 430 165 330 878 275 413 622 209 760 282 520 678 430 180 363 735 382 832 495 508 651 258 363 793 90 775 659 450 555 498 64 163 601 540 471 714 822 614 395 443 347 549 849 187 427 573 495 826 251 88 650 683 773 795 707 442 313 778 474 217 803 623
735 578 733 670 735 320 721 182 655 566 335 680 587 409 879 759 443 466 620 451 468 469 261 680 596 251 420 662 130 307 465 501 610 705 771 496 284 330 374 625 427 786 565 684 371 471 794 752 667 656 518 668 534 383 244 740 706 376 792 433 360 747 273 363
380 825 794 481 85 185 591 1023 475 218 520 535 396 738 842 267 362 302 214 618 805 576 397 342 431 595 4 312 645 506 625 542 325 441 479 490 976 115 423 485 555 619 489 378 556 350 110 406 546 251 454 711 397 145 901 576 595 581 112 639 335 358 529 259
558 355 655 297 169 1002 373 468 501 414 788 357 153 912 548 366 744 280 433 354 120 817 679 602 120 361 476 669 620 327 338 429 383 308 277 443 609 780 875 586 351 302 736 268 568 670 321 260 347 560 736 484 714 407 76 870 314 265 868 222 600 740 380 619
446 516 386 797 777 427 520 370 505 885 509 405 604 353 589 713 375 455 640 541 894 663 614 383 213 736 421 251 358 790 675 549 401 408 306 775 387 96 724 534 322 734 631 732 694 598 640 636 320 598 113 673 728 632 758 290 501 836 285 530 763 572 669 153
441 732 326 301 777 286 271 808 689 628 270 673 652 284 356 867 764 802 502 543 460 370 469 477 491 557 771 335 447 257 531 697 644 306 704 249 652 537 497 147 415 731 227 333 418 238 684 631 427 175 425 576 346 531 804 882 284 346 380 692 483 397 243 661
648 475 451 88 316 814 393 533 298 378 820 892 325 333 933 648 476 463 488 394 423 284 858 718 320 473 168 745 695 217 168 547 668 253 323 744 524 711 588 319 549 345 210 565 295 243 714 497 664 869 625 340 728 464 228 553 611 470 780 271 285 838 616 679
582 411 0 637 398 914 800 254 257 277 187 858 963 836 397 181 434 277 1023 841 614 609 503 344 872 964 528 289 191 748 924 651 516 621 459 386 329 308 582 442 775 526 545 474 853 807 253 249 528 261 205 537 551 668 603 878 278 922 574 518 712 210 256 380
271 187 465 155 509 587 587 433 588 1005 295 359 532 436 681 344 493 1023 659 386 248 361 493 465 351 519 888 409 341 448 468 742 870 264 440 793 312 244 902 753 439 440 579 487 742 208 312 803 461 844 588 558 711 455 615 253 510 297 446 900 466 672 826 538
219 706 469 708 492 162 65 625 710 366 1008 528 357 886 402 901 693 389 142 687 737 849 762 532 513 835 315 281 647 341 380 826 981 506 223 461 555 448 654 643 358 654 609 692 453 428 802 440 893 353 706 876 162 640 549 299 481 454 597 359 310 701 464 450
607 406 511 791 273 725 501 472 326 755 410 537 643 349 534 587 659 535 538 429 477 530 543 422 261 784 843 934 441 445 688 223 182 640 943 365 697 347 653 794 489 332 462 616 942 412 488 686 367 561 905 325 372 300 405 783 292 680 535 114 224 763 596 691
420 491 460 455 688 375 379 917 684 291 377 475 290 841 756 450 752 606 306 748 745 375 164 637 791 415 362 448 564 310 591 563 446 586 520 715 559 295 414 506 359 479 1023 828 413 456 505 400 574 707 501 634 410 182 422 786 429 524 421 322 518 416 609 517
506 385 419 485 647 373 687 833 468 582 373 322 435 769 821 461 0 595 665 392 111 698 403 922 675 349 388 799 869 344 380 687 976 450 336 566 694 709 718 587 503 303 440 656 617 608 562 590 486 855 680 196 836 768 551 313 693 213 0 635 616 666 498 510
335 438 755 818 185 499 721 344 157 481 720 742 693 365 0 824 596 827 504 351 623 406 136 419 740 414 309 385 772 745 451 404 332 281 584 522 416 412 190 539 817 789 724 339 464 718 556 493 663 735 696 321 402 444 134 683 496 370 202 409 405 808 618 417
779 652 359 672 261 667 565 265 148 436 364 771 607 473 602 475 491 601 633 804 288 540 574 449 452 457 858 308 607 649 352 12 650 806 753 515 707 63 222 867 190 791 617 253 401 753 821 644 594 269 193 660 647 73 727 606 276 658 514 108 535 452 291 583
488 104 567 262 781 738 290 254 685 740 410 330 229 464 275 388 247 339 400 287 423 853 389 783 658 456 270 552 368 282 914 211 599 390 272 435 517 668 640 606 499 232 356 640 572 169 642 522 429 657 617 208 553 589 520 644 622 321 306 231 529 633 536 540
281 767 136 180 266 346 463 770 402 20 645 707 480 602 218 303 669 823 172 339 634 429 193 633 466 502 858 498 298 557 484 599 231 617 793 407 412 358 432 332 525 1023 132 413 383 426 694 793 363 350 809 718 414 133 730 234 175 339 546 411 581 514 324 527
529 652 722 673 187 600 719 770 439 639 343 179 206 552 582 698 619 554 509 567 478 488 550 401 576 384 527 171 484 566 676 456 568 318 551 866 722 214 13 623 503 264 727 983 836 687 191 143 718 619 581 132 427 435 526 651 740 539 207 611 403 556 408 354
383 196 461 530 501 324 443 200 376 623 554 599 548 374 299 714 435 277 192 293 234 486 447 462 136 282 551 632 383 51 325 565 506 263 710 284 316 762 731 730 400 427 496 232 184 406 615 97 591 592 391 608 351 583 334 352 470 357 475 319 658 645 481 405
440 366 385 279 497 737 268 666 407 432 219 375 657 389 629 466 158 761 795 396 430 733 457 467 534 493 446 529 727 515 390 68 689 833 555 226 278 623 725 585 501 408 147 551 539 587 483 791 567 191 388 663 770 551 565 228 619 625 678 601 660 787 774 323
588 383 599 585 623 871 380 503 453 221 601 485 402 465 417 641 357 86 607 901 319 504 492 494 490 526 402 426 184 466 872 481 566 159 411 896 476 423 360 391 614 517 471 369 217 673 625 276 279 799 639 229 530 675 541 465 179 710 497 586 246 197 363 752
340 928 135 327 784 445 327 600 237 752 211 238 463 716 451 329 228 578 470 408 404 347 227 207 167 717 687 394 494 552 366 499 709 403 582 448 375 583 756 184 595 779 333 513 502 221 477 864 480 223 147 454 391 505 425 610 514 312 262 485 468 272 634 503
419 694 558 342 251 275 548 773 331 297 382 746 630 787 193 650 481 637 376 705 650 174 411 758 582 252 646 154 244 444 482 610 626 341 861 830 701 413 655 289 139 654 426 439 824 571 21 493 133 337 621 810 630 797 0 787 872 488 441 837 450 739 246 283
517 689 841 692 402 320 206 764 463 662 528 187 43 418 305 505 471 419 698 722 428 362 370 477 438 545 529 701 808 335 588 585 337 259 384 572 607 385 332 420 547 714 433 440 60 610 875 208 56 658 531 723 619 528 605 373 178 780 674 271 828 287 116 619
769 481 308 492 395 422 521 322 153 272 483 805 433 544 593 440 427 456 178 701 795 779 724 27 437 707 226 226 354 733 825 275 790 557 243 719 559 482 187 490 890 643 298 228 575 219 661 933 522 610 576 179 6 879 633 282 565 629 567 402 532 279 288 312
296 414 431 954 286 134 437 661 373 866 491 585 99 580 578 803 830 849 401 212 530 530 374 524 588 353 406 195 763 535 333 646 336 399 808 165 604 582 734 673 183 310 480 572 525 551 378 703 513 409 155 597 861 614 590 423 236 918 244 774 758 232 322 654
583 445 239 116 500 803 531 739 287 429 412 462 584 439 365 538 321 329 440 838 389 535 710 575 370 537 598 795 664 192 716 564 300 430 315 854 665 303 495 488 280 452 588 672 163 173 291 689 488 759 497 412 773 473 301 688 632 271 602 752 467 500 275 574
661 578 440 528 285 270 318 583 695 497 391 584 56 651 842 543 822 836 624 338 696 420 449 139 844 717 289 566 299 610 405 576 902 734 475 766 7 149 354 142 612 856 444 100 698 565 155 360 316 787 843 294 111 365 987 489 254 938 232 794 872 222 667 204
506 247 641 369 369 831 656 165 465 564 342 701 843 764 225 498 389 626 631 901 580 364 287 597 613 464 766 428 198 328 152 751 752 417 585 617 545 771 788 351 154 749 287 633 661 398 722 359 363 518 596 755 509 761 349 626 790 331 721 379 218 548 402 632
186 650 675 639 280 440 651 584 216 585 763 270 531 370 582 633 595 774 256 301 111 670 576 638 450 687 379 859 299 321 658 787 361 501 782 391 463 990 590 750 151 237 645 800 286 108 309 657 423 137 760 677 560 324 362 359 576 972 591 324 377 166 139 723
661 554 518 131 352 244 544 750 715 329 279 681 317 535 728 655 669 268 770 646 307 242 584 573 347 546 453 397 551 771 776 421 561 564 317 444 574 766 385 301 922 233 636 446 280 590 505 490 701 462 71 624 681 552 834 626 123 734 753 350 284 600 620 614
347 668 262 670 401 655 685 529 587 607 422 328 936 849 264 157 685 693 63 380 896 514 719 521 167 56 716 653 285 712 394 867 685 651 618 824 678 342 298 419 624 550 656 487 542 448 314 474 548 374 814 135 126 342 157 332 717 730 563 1011 143 367 660 490
727 332 616 343 776 360 749 591 366 309 605 607 639 383 505 727 517 604 851 630 294 472 394 583 500 837 486 221 992 450 490 605 600 579 475 824 545 223 708 784 280 557 633 438 0 150 151 473 587 248 546 584 296 784 276 332 666 623 347 346 562 672 542 341
498 494 433 397 749 499 216 521 546 617 668 294 458 712 478 205 438 341 723 485 363 595 547 464 787 724 491 750 564 281 658 688 565 291 959 540 554 637 556 560 590 432 593 375 577 495 594 652 282 0 308 638 683 664 609 850 617 421 428 692 512 469 256 855
287 859 524 548 361 832 507 173 432 550 789 167 701 751 147 534 788 110 842 787 347 225 537 290 684 459 708 446 556 829 678 265 814 802 536 481 790 759 382 277 287 520 189 157 752 599 372 644 601 652 728 528 335 346 325 699 350 423 563 514 175 642 540 755
505 183 499 276 417 326 696 513 523 525 716 732 345 458 683 209 857 766 350 265 1023 551 482 518 727 657 876 770 398 201 540 609 473 499 258 846 556 210 441 562 381 445 390 895 362 443 191 310 99 413 606 418 434 488 239 333 613 1023 224 620 666 502 755 382
445 665 573 598 764 441 217 561 699 549 375 490 626 198 789 683 320 599 539 512 639 626 472 756 546 442 581 570 746 584 541 604 563 453 589 208 449 681 432 765 534 543 363 440 380 389 539 859 682 555 395 294 318 1023 880 542 460 290 637 837 494 606 531 612
