605 520 303 287 659 545 391 640 552 381 534 505 555 371 370 516 614 655 798 299 218 589 597 555 581 585 283 429 353 572 497 733 745 584 408 527 331 640 779 638 686 609 224 593 601 403 840 484 395 391 505 382 421 532 513 493 572 681 597 655 627 650 436 650
585 272 274 210 836 825 764 221 428 286 861 687 509 528 681 381 867 274 362 349 314 755 612 556 429 883 679 246 575 754 208 481 626 235 845 606 804 576 782 763 420 383 869 500 357 345 121 346 820 434 737 325 641 536 559 395 170 639 587 745 276 408 698 908
305 782 460 743 346 343 660 622 510 558 661 832 501 235 589 495 550 456 544 855 521 267 315 422 599 623 245 371 616 401 604 698 540 507 255 482 544 685 419 473 273 923 508 488 191 330 683 349 384 469 726 634 272 191 624 769 592 333 346 664 531 728 341 440
998 411 387 532 710 626 943 889 217 380 374 324 440 696 413 541 839 714 728 54 644 741 406 467 505 601 436 291 0 360 781 690 552 517 338 471 447 646 400 207 791 190 501 628 845 803 693 612 414 469 93 387 874 470 419 403 882 505 297 420 793 456 499 490
507 517 683 529 304 448 287 888 840 522 626 272 623 510 339 712 715 458 286 524 555 153 504 485 715 578 551 852 678 369 678 176 281 286 721 552 863 607 838 160 532 639 818 603 225 185 415 786 652 219 634 694 338 717 699 666 490 519 658 372 311 830 633 352
250 485 382 679 939 911 189 137 565 894 549 542 347 103 621 578 389 448 665 689 686 594 422 703 824 794 655 337 492 694 232 283 437 632 559 171 359 338 738 373 506 898 359 343 268 985 658 247 706 864 557 238 315 525 726 140 489 485 254 662 741 342 490 807
637 770 765 486 181 259 603 590 644 52 195 582 636 776 665 199 0 702 714 155 722 538 317 274 318 355 443 504 311 975 723 341 642 699 297 770 450 367 207 759 825 382 356 399 666 555 665 477 122 373 851 738 618 206 554 564 452 745 781 254 111 296 664 419
391 347 437 129 122 830 457 688 680 511 452 642 57 197 562 743 452 436 428 480 423 525 522 598 935 385 297 420 432 481 746 601 523 581 382 503 757 241 949 540 251 641 414 476 545 347 608 894 490 527 220 924 1023 150 300 146 426 891 671 643 667 421 451 562
311 328 172 817 698 332 703 339 0 641 213 334 704 349 499 363 542 500 629 467 408 756 526 448 416 923 898 985 431 330 631 413 392 467 387 476 537 749 471 486 560 632 894 794 799 656 328 652 843 387 242 406 394 826 938 692 338 167 236 962 835 374 200 545
631 532 93 451 688 426 139 427 566 526 773 486 117 288 56 357 852 739 87 293 492 525 692 398 701 558 783 538 368 611 316 702 859 405 230 698 395 228 428 398 575 729 585 130 414 796 962 226 261 721 919 547 310 380 415 881 679 345 582 358 298 367 587 671
402 246 756 599 186 246 544 434 215 688 369 713 760 677 247 454 407 408 790 584 451 718 478 310 442 456 194 895 688 202 591 884 555 697 343 664 768 532 683 276 450 301 419 785 416 389 266 446 903 273 233 706 542 346 679 641 518 467 509 356 497 808 254 359
572 624 704 572 193 927 808 363 601 381 569 712 506 157 410 338 217 850 760 429 481 310 460 562 784 509 759 663 326 437 726 311 291 804 790 712 544 381 623 797 539 635 886 258 331 721 718 704 318 259 404 256 444 909 689 378 377 524 579 513 241 460 601 318
604 445 334 707 685 200 815 322 96 909 504 165 621 513 697 560 489 513 602 142 201 712 486 693 723 509 433 621 936 1023 605 438 523 512 893 640 293 637 377 241 965 685 309 690 642 18 583 724 712 513 260 721 513 311 213 250 521 496 1023 249 347 479 410 478
413 818 868 770 587 76 503 795 427 67 334 798 787 600 165 622 435 667 743 413 569 467 527 608 694 477 383 448 506 386 492 707 611 542 761 614 257 357 864 788 554 761 224 209 529 447 538 412 561 444 516 311 693 458 448 629 557 756 302 646 545 546 343 417
710 521 632 219 496 702 247 655 310 596 731 402 648 729 213 140 398 359 569 746 413 402 894 578 623 585 463 506 591 614 727 421 565 836 534 453 774 656 219 353 773 313 619 776 497 675 382 264 232 290 616 514 113 452 363 450 726 48 338 463 996 476 442 361
458 720 736 109 736 595 348 7 799 636 342 325 229 683 618 275 692 718 287 397 514 196 651 553 520 420 544 281 685 707 655 556 472 587 650 680 717 719 388 817 447 329 743 461 560 832 765 175 58 550 581 479 615 269 527 359 732 705 457 151 278 423 992 634
387 632 266 302 511 385 638 496 563 717 571 124 693 327 560 626 767 720 646 596 369 335 496 336 514 496 635 382 460 694 722 504 142 592 675 617 392 257 530 710 366 325 620 414 561 563 111 560 883 77 474 654 321 563 492 436 469 320 505 584 581 751 341 735
566 373 508 526 418 492 318 449 304 0 264 927 590 727 351 458 341 325 558 328 745 785 313 582 694 270 639 730 343 478 703 373 497 354 650 724 676 617 615 659 991 416 409 721 314 690 776 73 271 618 657 539 415 66 227 224 695 654 715 557 237 603 608 325
710 544 702 625 686 463 297 592 458 726 824 493 399 315 397 631 260 511 355 893 773 482 629 542 322 451 517 293 645 423 483 387 277 640 293 598 457 343 561 284 664 275 660 366 446 411 491 626 872 330 211 392 661 315 678 671 6 513 277 96 478 602 626 656
336 520 589 266 535 507 492 436 676 459 719 344 251 604 857 784 483 241 548 361 503 355 501 348 719 749 196 636 338 421 475 965 534 363 884 279 757 364 666 776 422 607 609 697 736 434 888 456 686 703 270 214 429 699 525 662 676 473 493 518 734 280 324 819
592 545 893 645 336 502 747 470 637 269 336 972 523 406 447 462 481 758 397 438 384 326 332 328 203 692 748 555 651 487 455 547 607 756 726 739 501 762 503 816 696 361 1020 218 339 804 428 610 699 193 474 680 273 513 794 211 699 256 317 834 791 969 448 451
584 756 784 1023 406 539 508 490 964 920 515 258 312 506 277 501 673 714 439 599 674 601 266 476 679 694 267 336 776 638 141 549 573 775 511 534 529 709 386 130 825 396 267 703 507 301 488 489 352 639 483 415 719 626 266 454 673 378 273 263 512 777 759 576
507 946 607 461 888 515 405 498 492 844 745 639 592 389 808 389 523 400 617 726 128 249 666 755 516 444 593 462 337 552 803 510 330 244 220 544 660 194 730 316 383 925 598 294 501 825 546 425 264 287 834 432 770 714 374 610 432 611 629 676 783 446 823 655
792 213 357 761 836 488 384 627 825 523 425 447 668 758 810 861 221 90 110 730 908 183 510 684 679 332 251 825 649 1023 439 261 754 663 758 630 553 789 759 752 209 194 765 855 720 648 304 494 743 781 110 334 774 392 507 445 672 625 417 695 721 625 521 457
304 340 304 676 728 432 762 362 586 761 617 560 542 304 284 376 542 766 548 286 254 463 710 570 549 702 355 382 675 261 356 581 550 676 102 497 622 366 508 432 484 604 176 300 547 291 539 494 507 770 602 420 113 507 888 808 613 40 407 624 786 442 767 789
627 763 678 391 490 855 456 414 606 455 710 807 456 315 897 279 680 953 497 528 427 805 579 181 253 390 403 695 748 281 447 602 155 495 664 737 289 359 450 542 207 811 422 501 299 615 399 563 600 394 468 633 448 842 624 256 646 662 581 587 742 799 266 332
418 166 199 919 874 263 575 505 557 616 496 517 764 715 203 254 651 269 597 448 195 613 311 253 626 720 452 402 553 999 306 166 895 433 148 517 563 526 764 366 894 394 239 603 499 775 704 470 428 256 354 428 503 422 599 500 632 553 503 270 366 380 568 444
361 586 500 161 370 870 305 415 650 215 766 278 520 676 456 186 353 739 388 844 479 514 661 258 363 783 92 771 661 466 557 512 68 185 597 540 469 728 770 612 359 441 319 549 865 185 439 581 499 840 251 88 656 669 771 779 707 434 335 768 476 213 781 605
733 564 707 676 751 320 727 178 655 570 357 684 583 433 881 777 453 464 628 435 456 465 257 678 588 249 420 662 138 295 477 491 608 715 771 516 270 324 352 617 431 782 549 682 357 479 800 770 669 658 520 706 542 389 240 770 700 374 792 445 364 751 265 365
388 839 802 485 99 187 597 1023 475 226 524 507 398 716 858 235 362 276 218 610 805 560 423 334 433 591 16 310 647 502 631 546 351 443 487 486 974 141 395 487 515 625 487 360 556 348 100 392 546 229 460 709 395 177 901 576 607 593 148 625 359 356 555 261
568 345 655 277 167 998 383 476 507 400 788 345 151 888 544 392 744 298 433 342 118 811 689 608 140 359 468 667 616 307 308 433 383 302 271 451 609 776 899 588 355 310 742 296 570 684 325 282 353 566 728 480 720 407 62 870 314 273 850 204 616 734 392 597
458 520 384 805 779 409 516 368 505 887 501 405 610 355 587 639 373 477 638 549 874 661 604 381 205 734 419 253 358 808 677 531 383 398 298 749 395 94 724 522 318 760 635 734 672 602 640 616 314 602 111 643 724 610 778 286 521 836 281 526 787 572 679 119
441 740 316 297 779 284 269 808 697 630 268 675 654 284 380 877 752 804 504 553 460 378 455 483 481 563 743 335 451 249 511 689 648 294 712 245 658 523 495 145 421 719 247 335 424 236 660 623 433 189 423 572 342 527 798 872 260 346 380 690 465 385 221 677
650 481 443 120 328 814 389 533 294 378 816 896 325 329 967 634 500 449 478 396 421 274 864 726 322 463 162 749 695 217 166 547 670 241 333 740 540 721 586 325 555 343 200 569 283 237 694 501 640 859 619 338 724 444 234 589 609 470 776 261 287 828 616 669
594 395 5 639 408 916 822 258 247 277 183 842 945 838 391 175 426 275 1023 829 620 601 513 264 868 938 540 289 187 744 914 637 538 637 459 388 327 306 608 422 767 522 537 470 859 811 255 255 522 291 197 551 565 662 607 902 278 930 558 506 720 218 224 374
309 191 469 143 505 581 575 431 596 1009 295 357 518 442 691 332 495 1023 651 394 260 353 503 481 341 501 898 413 345 452 470 742 878 242 444 777 308 226 902 759 445 446 599 483 740 204 312 795 457 854 584 576 707 459 605 243 510 295 438 908 470 666 804 560
225 712 473 716 502 176 67 619 736 366 982 532 349 886 400 885 677 397 156 685 757 849 776 532 515 827 319 271 649 341 380 824 985 496 231 437 549 454 672 619 336 618 609 706 451 440 810 442 889 387 698 868 150 636 549 321 485 454 607 363 306 699 438 434
605 388 513 781 271 725 497 464 318 759 422 533 639 343 534 577 641 541 556 423 477 530 557 402 263 806 839 952 433 459 688 223 180 644 943 361 697 339 645 800 479 298 462 602 946 396 454 682 337 567 867 331 376 284 387 781 292 686 533 122 232 751 580 699
396 507 478 445 686 351 389 889 712 285 351 477 272 845 746 450 752 596 306 746 735 379 198 635 801 415 354 454 560 318 587 585 452 590 520 703 583 267 410 480 357 467 1023 814 389 462 497 412 578 713 513 640 408 152 416 780 433 528 415 318 518 400 591 489
508 385 419 509 651 373 679 815 486 570 379 308 449 783 835 469 0 605 641 384 101 694 411 902 667 371 376 815 863 348 378 685 990 450 336 568 682 715 716 597 505 329 426 662 609 612 514 604 458 853 684 206 834 734 565 315 693 211 0 637 610 664 480 512
315 448 759 810 179 503 723 342 157 483 724 744 695 371 0 822 608 825 524 351 617 406 142 427 768 404 309 395 776 751 447 384 322 283 572 510 418 400 182 539 819 823 750 359 472 722 562 481 661 737 696 321 404 392 112 671 484 378 210 401 419 816 602 411
787 664 361 704 255 687 589 291 150 430 364 771 607 483 604 475 477 617 627 812 272 542 586 443 446 461 868 322 615 655 346 0 658 802 769 495 707 63 240 857 194 819 611 237 403 743 815 652 598 271 193 662 635 67 739 612 276 658 518 108 529 452 303 597
486 104 559 260 801 738 292 256 683 736 410 336 229 474 269 390 249 339 392 277 429 849 397 787 662 478 276 560 366 306 920 191 597 392 284 437 517 678 656 594 495 218 348 636 576 179 656 512 443 663 625 208 563 581 516 656 620 319 324 229 529 637 534 552
295 771 140 176 272 348 465 776 410 28 639 729 466 608 222 301 669 823 156 339 632 415 191 631 466 464 848 516 308 545 486 585 237 611 817 419 412 362 422 336 521 1023 146 413 377 422 696 807 363 352 805 718 420 125 736 232 171 341 514 413 577 514 338 551
561 634 716 653 199 568 719 738 437 637 337 179 206 552 588 712 617 566 495 567 452 486 548 405 592 374 539 189 490 572 674 466 560 314 547 870 728 252 11 613 505 260 731 975 830 681 191 131 726 635 579 128 429 441 526 653 748 535 191 589 385 544 392 366
387 192 467 530 497 316 443 198 372 623 554 623 552 372 321 694 435 287 182 279 236 472 437 496 140 284 525 628 385 35 315 559 498 263 690 284 310 780 729 740 394 437 484 248 184 428 627 111 599 590 379 614 403 597 370 348 498 345 467 303 658 647 491 415
440 368 383 261 505 725 252 666 407 440 213 379 651 377 635 468 140 779 789 402 434 743 461 475 538 495 448 537 731 515 392 64 689 827 561 234 276 627 743 581 493 436 149 559 547 589 501 787 573 191 416 659 770 545 569 204 621 621 636 611 644 791 770 315
534 395 625 581 613 873 394 515 451 219 613 471 422 461 439 631 357 86 613 891 319 502 488 476 492 530 400 426 192 460 870 487 568 147 407 878 476 447 370 403 606 519 471 375 217 683 629 278 285 807 617 227 532 657 543 469 169 702 507 588 248 205 353 778
328 954 109 329 780 451 313 610 249 756 219 242 463 722 453 329 214 574 464 414 418 347 231 189 169 705 705 396 490 550 366 507 705 415 586 446 363 579 766 184 575 791 333 505 510 223 461 882 456 219 145 452 383 471 425 642 508 320 256 485 468 274 642 503
423 712 544 360 257 267 536 785 345 337 374 746 654 779 193 602 477 635 374 705 646 190 423 772 582 266 662 146 244 448 492 620 626 347 831 832 681 413 651 285 125 654 418 449 818 565 33 485 123 339 625 796 626 817 0 757 882 512 445 851 452 743 248 291
515 701 841 700 408 274 198 736 461 650 494 181 33 414 299 491 477 431 722 722 434 378 380 477 434 557 535 693 814 319 594 621 353 259 384 600 605 399 332 414 549 722 435 440 60 608 863 216 100 660 533 723 607 526 591 379 174 780 676 263 828 277 108 611
759 493 286 496 387 412 509 284 151 290 469 777 443 526 597 430 433 450 138 699 803 775 708 29 435 713 236 228 358 715 819 259 794 543 233 715 551 482 189 488 876 641 298 232 577 221 689 915 528 610 576 181 6 881 633 286 579 631 575 422 526 295 282 310
312 418 433 950 270 138 435 631 383 838 487 591 107 586 580 803 818 845 387 208 524 530 392 522 586 351 404 187 777 547 331 648 340 413 818 151 628 600 742 669 187 310 492 584 525 557 376 715 519 409 155 603 865 612 588 455 232 914 226 782 758 238 326 656
559 471 225 112 504 805 537 745 287 431 420 458 574 431 363 538 351 337 442 838 365 509 654 573 350 535 600 795 670 188 730 564 290 424 317 860 661 299 495 456 276 452 582 680 143 173 295 693 492 759 495 406 767 463 293 686 624 271 602 750 473 494 273 558
675 608 442 526 281 266 310 583 701 489 387 580 56 655 830 555 832 842 656 340 702 420 439 145 850 711 239 566 289 644 401 580 914 730 481 768 5 151 352 122 616 858 442 82 680 561 145 364 310 777 849 318 107 349 987 493 250 896 224 776 884 204 669 198
556 271 659 359 391 825 642 161 439 548 336 695 847 734 233 488 385 632 627 907 566 358 307 611 635 492 772 434 186 324 152 747 744 415 567 621 541 781 786 345 148 749 263 625 647 398 726 347 373 526 610 759 499 771 345 616 788 323 717 377 224 544 386 614
168 672 679 641 246 434 645 586 198 577 763 266 533 372 586 647 605 776 276 305 145 670 588 634 450 699 383 859 321 323 662 767 367 503 798 373 477 974 592 746 149 213 643 800 292 112 307 669 423 153 778 687 588 336 356 353 574 970 573 326 383 166 129 703
673 548 514 143 352 272 544 736 721 333 275 689 315 525 726 655 673 272 766 630 311 218 580 573 349 546 449 395 597 773 770 429 561 580 305 438 570 756 387 301 918 223 632 414 270 578 503 484 701 478 51 636 685 576 840 650 121 756 741 354 284 604 614 582
331 654 246 678 395 655 709 533 587 613 436 338 938 849 262 155 681 681 71 430 922 552 691 523 191 70 730 655 277 710 392 893 675 657 616 808 680 340 310 437 626 522 664 491 544 442 310 472 558 374 828 143 128 320 167 334 735 738 567 991 127 359 666 478
719 336 628 341 780 354 761 595 352 313 605 609 637 381 509 729 511 610 857 640 282 466 380 587 500 837 468 233 978 452 472 603 604 571 481 834 545 245 724 792 282 553 639 432 0 138 149 445 581 258 554 584 316 796 286 320 680 613 349 340 564 670 536 341
492 488 439 391 743 497 216 509 554 617 668 294 460 710 474 217 442 343 709 517 371 623 539 466 785 726 465 762 560 299 656 690 563 309 965 536 536 639 552 562 596 428 589 371 583 499 600 654 282 0 316 624 675 664 645 798 633 421 426 688 512 467 254 861
283 839 520 530 361 814 505 159 432 544 791 159 709 743 149 536 792 110 842 787 333 225 505 302 674 451 686 444 546 835 676 267 812 818 542 485 802 785 386 265 287 520 177 169 730 599 348 648 607 652 710 502 351 358 313 697 350 423 541 518 167 640 540 741
513 151 499 254 421 320 700 511 523 527 726 746 337 466 681 215 849 782 360 277 1023 553 498 514 723 661 870 762 372 207 530 617 485 493 260 844 574 206 433 558 397 453 392 883 368 461 181 314 117 409 608 422 430 488 235 331 607 1023 214 634 664 502 737 382
427 653 567 612 772 437 221 561 703 543 371 488 624 180 797 683 320 607 541 484 637 628 470 760 540 454 583 568 746 584 541 606 577 443 597 218 431 673 446 777 530 553 363 432 380 397 543 859 696 555 437 298 332 1022 894 544 478 288 641 831 498 624 531 626
