8 60 26 24 121 25 64 3 94 81 99 91 57 64 3 52 44 141 80 31 74 108 8 3 123 140 96 46 61 53 93 76 81 83 24 80 32 125 41 84 46 34 104 69 113 27 85 28 101 15 3 22 110 56 39 49 133 28 93 75 114 65 77 14
41 43 3 71 99 2 109 49 40 61 99 46 99 104 57 70 137 101 38 50 40 43 50 92 9 11 50 54 102 35 11 30 15 30 38 104 71 76 82 35 15 67 5 101 48 15 36 12 134 21 129 11 52 36 22 111 24 137 27 84 5 118 112 5
1 0 0 0 0 1 0 0 1 0 0 1 0 2 0 3 1 0 0 2 0 0 0 0 1 0 1 0 1 0 0 2 2 1 1 3 2 3 0 3 0 1 2 1 1 0 0 0 1 1 0 2 1 1 0 0 0 0 1 1 1 2 1 2
3 1 1 1 0 0 0 1 0 0 0 0 0 1 1 1 0 0 1 0 1 0 1 0 3 1 2 0 0 1 1 0 3 1 1 2 2 1 0 0 0 0 1 1 0 1 1 2 0 1 1 0 0 0 0 0 2 2 2 1 2 0 1 2
4 0 5 0 0 1 2 1 1 1 0 0 0 3 1 0 0 0 0 0 0 1 0 1 2 0 1 0 0 0 1 1 1 1 2 0 0 1 1 1 0 1 1 1 1 0 0 1 1 1 1 1 1 1 1 0 1 0 1 3 2 1 2 2
0 0 0 0 0 2 2 0 0 1 2 1 0 0 1 1 0 1 1 1 1 0 1 1 2 1 3 0 1 0 0 0 3 0 2 2 1 2 0 1 0 1 0 2 0 1 0 0 3 1 0 1 1 2 1 1 3 0 1 2 2 0 1 1
5 0 1 1 1 1 0 0 1 1 0 0 0 0 0 1 1 1 2 0 1 6 2 1 0 0 0 0 2 1 0 0 0 1 4 2 0 0 0 0 0 0 0 1 2 1 1 0 1 0 1 1 1 1 2 1 2 1 0 3 0 1 0 2
1 1 0 0 0 1 1 1 2 1 1 2 1 0 2 0 1 1 0 0 1 0 1 1 1 1 1 1 3 0 0 1 1 2 0 1 0 0 1 1 0 0 0 1 0 0 1 1 1 1 1 1 1 2 4 2 4 1 0 1 0 1 1 1
0 0 0 1 0 0 2 0 2 9 2 0 2 0 1 0 0 1 4 5 1 3 1 0 1 0 2 2 4 0 4 1 5 1 0 0 0 2 0 1 1 0 1 1 1 1 0 0 1 1 0 1 2 1 1 0 2 0 0 0 0 1 1 1
0 1 2 0 0 2 0 0 0 0 1 1 1 0 2 0 2 2 4 0 0 0 3 0 3 0 0 0 3 1 1 0 0 0 1 1 2 2 4 0 1 2 1 0 1 0 2 0 0 0 3 0 1 1 1 0 0 2 1 0 0 1 0 1
1 1 1 0 0 0 0 0 0 0 0 0 1 0 0 1 2 0 0 1 0 0 2 2 0 0 0 1 1 0 0 0 0 1 0 0 1 0 2 1 1 0 0 1 0 2 1 0 1 0 1 1 3 0 1 1 1 0 1 0 1 1 1 1
1 1 0 0 0 2 0 1 1 1 0 0 1 0 2 1 2 0 0 0 0 0 0 2 2 0 0 0 1 1 0 0 0 3 1 2 0 0 1 0 1 1 1 1 1 0 1 3 1 1 0 0 0 2 1 1 0 0 1 1 1 1 0 1
0 1 1 0 0 0 1 0 3 0 3 1 0 1 1 0 0 1 1 1 1 0 0 0 2 1 1 0 1 0 0 1 1 1 0 0 0 0 1 0 1 0 0 0 1 1 1 0 1 0 3 1 1 0 1 1 0 0 1 0 0 1 0 1
1 1 1 1 0 1 1 1 1 0 0 1 0 2 1 1 0 3 0 0 1 0 1 0 1 1 2 0 0 0 0 0 0 1 1 0 1 1 0 0 1 1 0 0 0 2 0 0 2 0 1 1 2 1 1 2 1 0 2 1 1 1 1 1
2 0 0 2 1 2 0 1 0 1 1 0 0 0 4 1 1 1 0 0 2 0 0 2 0 1 0 1 1 2 0 2 1 0 1 1 0 2 1 0 1 1 3 0 0 0 0 0 0 0 1 0 1 0 0 1 1 3 0 1 2 1 1 1
1 4 2 2 0 0 0 0 0 1 2 1 2 0 1 0 1 0 0 1 1 1 0 2 0 1 2 0 1 1 1 1 0 1 0 0 0 0 0 1 1 0 1 1 0 0 0 0 1 2 0 0 2 1 1 1 0 1 0 2 1 1 0 1
1 0 1 1 1 1 0 0 5 1 0 1 1 1 0 0 0 1 1 1 1 2 0 1 2 1 2 0 0 0 0 0 0 0 0 1 0 0 1 0 1 0 0 1 2 0 2 1 1 1 0 0 2 1 0 0 3 3 0 1 1 0 1 1
2 0 0 2 1 2 1 0 2 1 0 0 2 0 1 1 0 1 1 1 1 0 1 1 1 0 1 1 0 1 0 1 1 0 0 0 0 0 2 0 0 0 1 0 1 2 4 1 1 0 2 0 1 1 1 1 0 1 0 1 0 0 1 1
1 2 1 1 1 0 1 1 0 0 1 1 1 0 0 1 0 0 0 1 0 1 1 2 1 0 1 0 0 1 1 0 1 1 0 0 1 0 0 1 2 0 0 1 1 0 0 1 0 0 1 0 0 1 0 0 0 0 2 2 2 1 1 0
0 0 1 0 1 4 0 1 2 0 0 0 1 2 0 1 0 0 0 0 1 1 0 1 1 0 3 2 0 0 0 0 0 0 1 0 1 0 1 0 0 0 0 0 0 0 1 1 0 0 2 0 5 0 0 1 1 0 1 2 1 1 1 1
3 3 2 1 1 0 0 0 0 1 0 1 0 0 0 0 0 1 1 0 0 1 1 0 1 0 2 1 3 1 1 0 0 0 2 0 0 1 0 0 0 0 1 0 1 1 0 0 0 1 0 0 0 0 0 0 0 0 0 1 1 1 0 1
4 0 0 1 1 0 1 1 0 1 1 1 0 2 1 1 1 1 0 0 0 1 1 2 2 0 0 1 0 2 0 0 1 0 1 1 1 0 0 2 0 0 0 0 1 0 1 0 0 1 0 2 3 3 2 1 5 2 0 0 0 1 1 2
1 1 1 1 0 0 0 1 1 1 0 1 0 0 1 1 3 1 2 0 1 1 1 0 2 0 1 1 2 1 0 1 1 1 4 0 1 1 0 0 1 0 1 1 0 0 2 0 2 2 3 0 0 1 0 1 0 2 1 0 2 3 0 1
1 1 1 1 0 1 0 0 1 1 0 0 0 1 0 1 3 2 1 2 0 1 1 1 0 2 1 2 0 1 1 1 0 0 0 1 1 1 0 1 0 1 0 1 0 0 0 1 0 1 1 0 1 0 0 0 0 1 4 2 1 0 1 1
0 1 1 1 1 0 0 0 0 0 0 0 1 0 0 0 3 3 2 1 0 1 0 2 2 2 0 1 1 1 0 2 0 1 4 1 2 0 0 1 0 0 0 0 1 1 0 1 1 0 1 0 1 2 1 1 0 1 1 0 1 0 1 0
2 0 2 1 2 0 1 1 0 0 1 0 1 1 0 2 2 1 1 2 1 1 1 1 2 0 0 2 0 0 0 0 0 1 0 0 0 0 0 0 1 1 0 0 1 1 1 1 0 0 1 2 1 0 0 0 0 0 0 0 1 0 0 0
1 0 1 0 1 0 1 0 1 0 0 0 0 0 0 0 1 0 1 1 2 0 0 0 0 1 1 0 0 0 1 0 1 0 0 3 1 2 0 0 0 1 0 1 0 1 1 0 2 0 0 0 0 0 0 0 0 0 1 0 0 1 1 0
1 1 0 0 2 1 1 1 0 1 1 1 1 0 1 1 2 1 1 2 1 1 0 0 0 0 0 1 1 3 0 1 1 2 0 1 1 0 0 1 1 1 1 1 0 1 0 0 0 0 0 0 1 0 1 0 0 0 1 0 1 0 1 1
1 0 2 1 2 2 2 2 1 1 1 1 4 1 1 1 1 2 0 2 1 1 2 4 1 0 0 1 1 1 0 1 0 0 0 1 1 2 1 0 1 2 3 0 1 1 1 0 3 0 1 0 1 1 0 1 0 0 0 2 1 1 4 0
0 1 4 0 0 2 2 1 0 0 1 0 0 0 1 0 0 0 0 1 0 1 1 1 1 2 2 0 0 1 2 0 1 2 0 3 2 1 0 0 3 0 0 0 0 0 2 1 1 0 0 0 1 0 1 1 1 0 1 1 0 1 1 0
1 2 0 1 2 1 0 1 1 1 1 0 1 2 0 1 0 1 1 1 1 0 0 0 0 1 1 1 1 0 1 0 2 0 1 2 0 0 1 0 2 0 0 0 0 1 1 0 1 1 1 0 2 1 1 1 0 0 0 1 2 2 1 1
0 0 1 1 1 0 2 0 0 1 0 0 0 3 2 5 1 1 3 4 1 0 0 0 2 1 2 0 0 0 0 0 0 1 2 0 2 0 1 1 0 0 0 1 1 1 1 2 1 2 1 1 1 0 4 1 0 1 0 2 1 2 3 1
4 1 1 0 0 0 0 0 0 1 0 0 1 0 1 4 0 1 1 1 2 1 0 0 0 1 3 1 0 0 1 1 1 0 1 0 0 0 1 1 2 1 0 0 1 1 1 1 0 1 1 1 3 0 2 2 1 1 0 1 1 0 1 3
1 1 1 1 0 1 1 1 0 1 0 0 0 1 1 0 1 0 1 2 0 1 0 1 0 1 0 0 2 0 1 0 2 2 0 1 1 0 0 2 0 0 1 0 1 0 1 0 1 1 3 0 4 0 2 1 0 1 1 0 0 1 1 1
3 1 1 0 1 0 0 0 1 0 1 0 2 0 4 1 4 0 2 0 0 0 0 0 0 1 1 3 2 1 1 0 0 1 0 4 0 1 0 0 1 0 1 0 0 1 0 0 1 0 0 1 0 1 1 1 0 1 0 0 0 2 0 0
0 1 1 0 2 0 0 1 0 1 2 1 0 3 0 0 0 1 0 1 2 1 1 0 0 1 0 3 1 0 1 1 0 0 1 0 0 3 0 1 1 1 1 0 1 2 0 1 1 1 1 1 0 1 0 1 2 2 1 2 1 1 0 2
1 0 1 0 0 0 2 0 1 0 1 1 1 1 1 1 1 1 0 0 0 3 1 0 0 0 1 2 0 0 0 0 1 1 1 1 1 1 2 1 2 0 0 0 0 0 0 0 1 1 1 0 1 1 0 0 1 0 1 1 0 0 1 4
0 0 0 1 0 0 0 0 0 1 1 0 1 1 0 1 2 1 2 1 1 0 0 1 0 0 0 1 0 0 1 0 1 2 1 0 1 1 0 0 0 0 0 0 1 2 0 0 0 0 1 1 0 3 3 2 2 2 0 1 0 0 0 2
2 1 2 0 1 1 1 0 0 1 0 3 1 1 1 1 0 1 0 0 1 1 0 0 0 0 0 0 3 1 0 2 0 1 0 1 0 1 0 0 1 1 0 2 3 0 0 1 1 0 1 0 1 5 0 1 0 0 2 0 4 1 2 0
0 0 1 1 2 0 0 2 0 1 0 0 0 1 1 0 1 1 2 2 0 0 0 1 1 0 2 0 1 1 0 0 0 3 4 0 0 1 1 1 0 2 0 3 0 1 0 0 1 2 0 0 1 1 1 1 1 0 1 0 1 0 0 2
0 0 0 0 0 0 0 0 0 2 0 0 0 2 1 0 2 2 2 1 0 0 1 0 1 0 1 0 1 0 0 0 0 0 0 1 0 4 0 2 0 3 0 0 1 0 0 2 0 4 0 1 0 0 1 2 1 0 1 1 1 2 0 0
0 0 1 0 1 0 1 0 1 1 0 1 1 0 1 0 0 0 0 1 0 0 1 0 1 1 1 0 1 1 0 0 3 0 0 1 1 4 1 1 0 0 0 1 0 0 0 5 1 0 0 0 0 0 1 1 0 0 1 1 1 0 0 1
2 0 1 1 2 1 1 1 1 0 0 0 1 2 1 0 2 0 1 1 1 0 1 0 0 1 1 0 2 1 2 1 1 2 0 2 0 3 0 0 2 2 0 1 0 1 1 1 1 0 0 0 0 0 1 1 1 2 2 1 1 3 0 1
0 2 0 0 1 1 0 2 1 1 0 1 0 0 3 1 0 2 1 1 1 1 1 2 0 1 0 0 1 0 3 1 1 2 0 1 0 2 0 1 2 1 2 1 0 2 0 1 2 1 2 1 0 1 0 1 1 1 0 0 0 0 0 2
0 2 1 1 0 0 0 1 0 0 1 0 0 1 1 1 1 1 1 1 0 1 0 0 2 0 1 2 4 0 3 1 0 1 1 0 0 1 0 1 1 1 2 0 1 0 0 0 1 1 0 0 1 1 0 1 1 2 2 0 2 0 1 1
1 2 1 1 3 0 0 0 4 0 0 0 1 2 1 1 1 0 2 0 1 1 1 0 0 2 0 1 0 1 1 0 1 1 1 2 1 2 0 0 0 1 0 1 0 0 0 1 2 0 0 0 1 0 3 1 3 1 1 0 2 1 1 0
1 1 0 1 1 0 1 3 1 1 1 1 1 2 1 0 0 0 2 1 0 2 0 1 1 1 0 1 0 0 1 0 1 0 0 1 1 0 1 5 0 1 1 0 1 1 0 0 1 0 0 0 1 3 1 1 2 0 1 1 1 1 1 2
2 0 1 0 1 1 0 0 2 0 2 0 1 3 0 0 1 5 0 1 2 1 0 0 1 0 0 2 0 1 0 1 1 0 0 1 2 1 0 1 0 2 1 1 1 0 1 2 1 1 0 0 1 0 0 0 1 2 1 0 1 1 0 0
2 1 0 1 1 1 0 1 0 1 1 0 1 0 0 1 1 0 2 1 0 0 1 0 1 1 1 1 1 0 0 1 1 1 1 0 1 0 0 0 0 0 1 2 0 0 0 1 0 1 0 2 1 1 0 0 0 0 1 2 0 1 0 0
5 2 1 1 0 0 1 1 1 1 1 0 0 0 1 0 0 1 0 1 0 1 0 1 1 1 0 2 0 0 0 3 0 0 0 1 1 1 1 1 0 3 4 2 1 1 1 1 0 1 0 2 1 1 2 0 4 1 2 1 0 0 2 0
3 7 1 1 0 2 1 1 0 0 1 0 0 1 1 1 0 0 0 0 2 0 1 0 1 1 0 1 0 1 0 0 0 3 0 1 0 1 0 1 0 2 1 6 1 0 1 1 1 0 1 2 1 0 1 1 0 0 0 1 1 1 3 0
0 3 1 0 2 1 0 1 1 1 1 1 3 4 1 0 1 1 1 1 0 0 0 0 0 1 0 0 0 1 1 2 0 0 2 0 1 1 1 1 1 2 4 4 3 1 1 1 2 0 1 0 0 5 1 2 2 0 1 2 0 1 0 0
1 0 0 1 1 2 1 1 1 0 0 2 0 0 0 0 1 1 1 0 2 0 1 1 0 0 1 1 0 0 0 1 2 0 2 0 3 0 0 1 2 0 0 2 1 0 1 2 1 2 1 1 1 2 3 0 4 2 1 1 1 1 1 0
2 1 0 3 1 2 1 0 0 1 0 0 0 1 2 0 0 0 1 2 1 1 2 1 0 0 0 1 0 0 0 0 0 0 0 0 0 1 0 1 1 1 1 2 1 1 2 2 0 1 1 2 2 0 1 1 0 1 1 4 3 0 1 0
3 0 2 0 0 1 1 1 0 0 0 0 1 1 0 1 1 1 0 0 1 2 0 0 0 0 0 0 0 2 2 1 1 0 0 3 3 1 0 0 0 1 1 0 1 0 0 0 1 0 3 0 3 1 1 0 1 0 0 0 0 0 4 1
1 1 1 2 0 2 0 1 0 1 0 0 1 2 0 0 1 1 2 1 2 0 1 0 1 0 1 1 0 0 0 1 1 1 0 1 3 1 1 1 1 3 2 1 0 1 1 1 0 1 0 0 2 1 0 0 0 0 1 1 3 0 0 1
0 0 0 1 0 4 0 3 0 3 0 0 0 0 0 2 1 1 2 1 3 0 5 1 0 1 1 1 0 0 1 1 0 1 1 3 0 1 1 0 0 0 2 1 2 1 1 1 0 0 1 0 1 1 0 0 0 1 0 0 1 1 1 1
1 0 0 1 0 2 0 2 0 0 1 0 1 0 1 2 1 0 0 1 0 0 0 0 1 1 1 0 1 1 0 2 0 1 0 0 2 1 2 1 0 0 1 1 0 1 0 1 0 1 0 4 3 3 3 1 3 1 0 3 3 4 2 2
1 2 0 0 0 4 3 4 0 0 3 1 0 1 0 1 0 0 1 1 0 0 0 0 0 0 0 0 1 0 3 2 0 1 1 1 0 2 1 1 1 1 2 2 0 2 0 0 1 0 0 1 1 2 2 0 2 0 1 1 1 0 1 1
0 1 1 1 1 1 1 1 1 0 1 0 0 1 0 2 0 1 1 1 0 1 0 1 1 1 1 0 2 0 0 1 1 1 1 1 0 1 1 2 2 1 0 1 0 0 2 1 0 1 1 0 0 1 0 2 1 1 0 1 1 1 0 1
0 0 0 0 0 1 0 3 1 0 0 0 0 0 0 2 1 0 0 0 1 1 1 1 2 2 0 1 2 0 1 0 0 2 2 1 0 0 0 2 0 0 1 1 2 2 1 1 1 1 1 0 0 1 2 0 0 1 0 2 1 1 2 5
0 0 0 1 1 1 1 0 1 1 1 0 1 0 0 0 0 1 2 1 1 0 0 1 1 1 0 1 3 0 0 0 1 0 1 1 0 1 1 1 1 2 1 1 0 2 0 2 0 0 0 1 1 0 6 0 2 2 0 2 1 1 2 1
2 1 3 0 1 1 0 1 2 0 0 0 0 0 0 2 2 1 1 0 1 0 2 2 0 4 3 4 5 1 2 0 0 3 0 1 1 2 2 1 1 0 1 0 0 0 0 0 0 2 0 0 0 1 0 2 1 0 0 1 1 0 0 3
1 0 4 0 2 0 3 0 3 2 1 2 0 0 0 2 5 1 1 0 2 0 1 1 1 0 1 2 3 3 1 1 0 0 1 1 0 2 1 2 1 0 0 2 2 3 2 3 2 0 1 1 0 0 0 0 0 1 1 1 1 1 5 1
