293 747 510 647 7 556 767 573 928 957 221 284 797 835 578 686 481 2 983 403 866 877 596 567 65 34 845 783 716 747 158 866 785 179 508 91 300 883 484 22 207 554 72 82 940 306 859 492 235 432 652 412 980 28 809 5 29 127 942 8 42 686 906 538
216 662 408 263 899 630 105 782 708 392 980 471 153 1021 788 824 25 1004 452 388 695 701 792 972 511 666 662 860 46 704 422 720 362 398 238 896 700 138 16 592 470 738 424 865 635 537 312 384 11 317 52 433 723 497 717 736 486 910 666 74 487 956 130 544
461 395 617 646 725 583 813 336 159 395 785 702 160 600 578 531 391 403 572 728 223 441 351 405 133 834 664 356 104 318 117 688 239 603 503 157 114 185 226 412 226 766 825 434 321 734 825 360 362 301 225 714 327 777 903 158 387 152 849 630 730 390 650 584
669 239 615 788 467 482 362 831 825 758 390 697 403 328 692 741 318 184 668 585 652 456 185 919 692 297 453 881 570 218 283 627 601 578 285 826 362 371 383 839 759 658 137 836 446 305 226 713 360 852 764 156 783 397 532 601 707 210 539 527 315 625 668 740
108 837 324 443 550 480 823 505 152 869 807 288 248 521 764 176 714 455 154 858 341 620 160 417 619 902 751 603 880 871 379 149 509 486 559 774 497 718 327 448 168 516 851 456 103 549 500 300 306 736 708 176 808 434 171 326 223 689 706 708 499 696 908 880
463 837 228 264 284 224 386 240 676 703 206 895 623 865 764 667 134 881 220 804 728 148 365 225 546 797 491 204 620 899 787 780 694 877 190 413 413 257 284 539 256 884 312 422 721 833 736 428 193 767 681 296 510 488 293 359 729 310 182 816 158 762 511 264
453 834 570 872 190 341 315 463 569 554 363 644 294 498 157 268 236 854 711 658 827 182 414 747 741 693 897 279 608 613 633 519 879 165 174 837 715 675 522 363 128 136 864 188 152 715 226 245 239 540 521 820 727 847 869 329 719 185 146 506 552 785 376 621
582 177 583 615 648 380 255 301 148 468 127 819 746 910 240 281 458 579 603 714 872 331 863 312 516 298 588 285 712 805 582 288 582 301 159 209 737 202 654 713 139 344 336 747 218 591 314 809 786 590 388 732 296 763 820 174 387 554 190 459 850 333 341 459
570 455 357 512 405 761 572 776 670 623 432 691 194 892 493 642 360 424 727 184 886 548 560 276 482 567 729 135 616 765 736 842 714 239 836 739 170 421 711 156 165 822 635 853 431 177 664 614 795 800 710 771 609 479 524 802 145 760 380 191 396 106 653 171
639 400 522 198 206 173 854 325 707 643 520 550 875 368 573 889 162 695 877 631 901 853 629 708 212 213 681 140 199 772 284 427 148 168 348 470 260 398 829 455 629 458 195 379 294 531 279 542 455 914 321 691 662 750 598 149 313 361 124 866 116 313 797 489
462 800 394 624 395 811 190 261 652 529 765 633 743 416 898 598 853 917 569 716 667 375 701 162 315 264 232 328 188 795 671 334 283 759 887 326 742 637 326 538 572 873 351 576 603 872 468 900 298 737 431 649 831 821 693 917 115 316 297 545 656 201 649 162
245 644 590 164 317 675 868 754 901 253 610 656 345 451 440 849 561 867 478 615 887 585 568 682 760 573 174 692 466 261 351 718 412 526 638 694 761 525 682 363 497 209 494 538 579 898 431 170 875 587 167 483 127 143 272 556 367 726 328 693 582 867 521 515
681 605 553 897 634 392 587 752 525 275 668 405 699 647 833 590 578 298 445 658 417 589 773 852 390 606 631 817 382 870 479 199 874 181 585 503 299 516 321 560 251 715 192 382 695 281 863 666 405 437 279 855 832 190 595 688 376 689 159 334 839 176 274 338
693 456 160 908 271 817 488 319 653 496 245 589 594 828 827 242 255 741 712 863 652 860 463 371 496 242 770 586 130 168 400 210 801 161 263 272 310 791 681 653 433 632 257 886 381 506 444 157 894 241 566 315 738 643 615 402 571 373 237 213 277 669 591 125
801 518 625 735 547 537 211 673 529 734 387 289 263 182 138 156 537 572 202 335 882 291 357 716 158 768 837 865 120 500 381 518 214 866 816 491 399 270 187 323 432 881 793 168 831 747 510 624 832 508 334 774 731 762 681 474 369 593 871 708 125 622 750 477
620 857 161 830 552 202 334 559 722 771 380 184 609 410 869 503 884 381 853 663 540 903 317 418 193 730 578 198 126 487 254 104 385 430 332 124 685 806 840 876 515 217 384 767 855 678 516 366 162 753 138 872 230 751 711 665 422 389 708 592 539 741 317 678
219 304 577 452 289 422 219 665 798 442 315 444 798 529 879 551 341 208 436 831 684 443 327 269 663 131 370 449 672 703 381 345 525 773 845 270 138 238 174 416 369 675 675 360 774 772 613 156 216 913 674 177 629 795 676 137 311 471 315 371 804 899 775 654
138 871 530 451 872 530 210 518 809 712 708 526 368 830 795 268 745 506 217 313 206 791 876 237 892 667 509 803 597 350 466 328 777 706 313 578 428 569 764 800 315 208 901 344 527 431 625 839 657 202 602 471 169 489 218 128 706 455 604 617 175 462 462 381
718 569 341 880 635 230 866 353 513 857 715 367 874 664 911 398 405 773 470 570 717 811 250 622 496 568 524 482 703 156 541 220 131 671 811 614 643 572 334 208 845 763 695 738 668 546 598 325 729 759 855 515 183 876 694 323 848 388 197 728 177 260 259 384
751 446 138 701 808 729 238 747 374 480 506 613 199 590 237 718 565 234 806 364 307 685 548 296 493 351 210 876 364 283 378 901 355 789 816 252 401 569 356 377 218 507 374 609 386 824 550 843 831 195 373 249 259 638 229 271 606 365 677 561 641 260 869 903
623 670 702 321 822 414 184 636 176 390 533 617 786 858 724 408 311 283 903 341 758 506 400 554 681 137 162 611 492 249 169 609 688 805 441 275 224 740 622 160 717 568 513 651 689 314 848 736 554 554 508 436 156 123 352 218 698 666 317 435 904 692 892 885
292 632 416 706 648 599 386 362 188 186 860 601 463 307 495 220 472 555 710 580 462 406 150 604 296 885 703 715 565 840 738 180 887 244 507 395 626 582 379 673 226 677 423 834 515 235 609 254 331 348 517 232 412 659 563 427 145 813 779 345 512 412 897 377
453 317 533 777 871 760 866 361 460 583 152 807 642 493 156 822 176 306 813 286 711 157 659 598 551 131 557 262 855 559 636 460 591 273 252 521 532 881 626 906 604 228 543 710 198 466 674 478 454 403 909 752 719 305 894 575 489 707 715 452 792 633 703 212
312 684 489 359 857 193 828 359 443 400 579 628 709 535 204 783 590 450 589 807 842 147 635 372 743 280 627 425 243 843 148 223 261 254 740 429 196 786 249 161 560 783 536 722 747 419 203 143 224 460 515 650 739 767 586 263 499 669 283 561 860 775 562 654
785 717 835 789 269 668 136 444 649 845 133 575 477 779 515 223 172 273 815 550 634 690 775 846 726 181 345 784 828 443 284 862 524 446 298 836 340 294 435 419 548 869 757 884 335 198 259 235 192 114 639 835 868 384 489 559 492 904 316 783 179 335 758 403
403 767 495 512 255 270 247 853 810 593 632 742 358 885 409 624 454 703 837 803 581 888 141 554 242 583 164 656 751 896 757 495 666 791 584 336 325 731 837 225 181 820 439 382 455 616 868 222 669 382 620 189 533 536 649 895 849 314 495 340 231 727 757 268
319 266 146 303 303 586 644 523 634 559 442 158 749 658 321 384 320 740 415 782 650 232 625 369 219 613 275 270 126 457 707 417 363 618 138 703 875 672 586 382 903 589 841 747 459 697 300 730 413 515 239 570 524 481 682 606 664 348 850 477 659 288 635 493
343 656 491 729 221 659 887 252 240 281 823 410 391 881 417 169 553 675 775 367 726 560 607 207 320 781 724 798 584 514 679 737 536 503 404 685 334 328 293 372 517 254 742 483 731 690 747 737 632 784 259 281 292 646 453 328 201 408 829 402 535 549 447 558
734 563 270 177 735 841 563 770 609 418 502 546 289 248 532 620 657 820 564 846 842 827 477 176 227 156 628 679 736 274 182 269 504 611 774 170 718 732 877 268 304 596 367 618 895 287 436 451 708 230 772 888 447 518 792 246 358 751 521 686 681 284 596 368
838 200 902 556 354 538 334 153 841 252 585 452 665 171 727 708 661 745 384 698 829 785 241 760 371 445 386 464 574 344 883 251 440 327 423 677 602 409 369 896 286 570 280 641 283 538 439 748 250 412 650 605 134 629 796 803 193 656 386 585 401 554 687 146
743 438 392 364 214 589 319 358 857 560 695 490 511 376 733 518 590 372 391 326 275 572 518 905 437 610 236 595 330 582 597 790 646 413 363 449 559 577 856 569 421 897 160 270 115 461 826 292 742 780 363 556 617 203 656 283 873 813 273 469 627 844 769 167
549 323 472 526 199 103 587 398 466 455 199 279 328 253 337 825 774 879 333 540 555 850 291 517 204 885 256 158 264 580 262 147 545 525 156 811 889 792 690 308 376 635 205 254 464 324 740 456 382 858 281 656 231 491 802 303 739 742 859 594 493 518 237 616
471 257 514 811 796 333 878 472 584 534 635 234 745 209 608 459 390 127 888 591 505 468 686 312 374 727 400 377 415 599 649 283 303 389 141 622 197 703 602 635 233 510 763 319 355 907 502 830 114 742 135 369 333 780 773 585 766 336 269 742 762 253 552 581
584 255 760 156 848 427 857 437 300 476 657 94 842 244 886 155 500 716 777 155 527 796 884 274 667 366 799 360 498 504 281 395 831 594 317 431 718 709 488 902 702 249 671 211 240 340 607 285 520 712 759 716 172 597 807 926 801 841 240 906 804 488 863 569
750 428 444 332 337 342 193 673 321 277 558 211 621 591 848 499 500 307 562 329 202 761 616 133 295 325 445 539 351 642 175 574 511 581 587 746 633 639 363 631 136 833 467 723 390 265 833 884 352 263 575 888 889 241 521 915 538 204 773 828 425 543 147 572
417 236 511 206 561 717 643 287 751 124 473 450 329 392 423 444 817 472 223 147 441 262 904 301 664 380 687 438 800 296 305 754 817 363 392 498 460 865 679 915 124 457 757 429 153 413 254 405 840 601 501 643 299 659 526 759 822 650 590 355 734 200 782 452
569 576 757 831 490 685 214 370 398 733 600 626 272 571 376 776 297 211 631 481 128 160 529 674 626 362 654 722 507 847 333 807 484 519 420 638 721 834 485 238 309 493 442 366 432 711 798 902 351 513 500 503 525 680 242 333 652 368 885 254 296 808 235 519
468 325 443 595 740 121 158 412 378 681 850 865 865 649 231 223 654 616 247 659 466 638 650 218 468 559 675 426 862 219 355 899 865 658 601 801 479 136 655 451 734 265 665 827 658 451 451 654 752 437 716 862 517 231 759 233 212 451 745 570 428 611 260 800
474 425 332 866 291 677 457 593 682 314 867 705 713 241 645 176 829 694 871 311 720 642 537 559 314 451 487 479 278 242 876 381 273 658 702 445 209 703 888 843 239 237 398 268 189 646 718 337 147 424 375 850 288 850 631 849 834 708 791 165 317 344 323 623
510 839 647 323 625 132 206 670 623 263 396 796 430 305 391 218 616 677 673 283 872 546 687 874 389 477 833 345 886 294 806 515 793 714 683 715 666 222 174 574 712 294 563 401 629 726 684 764 774 486 168 337 230 821 911 801 648 607 694 461 590 743 192 443
643 274 634 869 844 366 392 668 764 406 453 863 803 491 784 558 613 480 150 812 243 770 393 544 310 257 892 384 909 781 365 893 552 833 265 895 290 200 715 439 444 107 908 161 799 317 581 555 284 438 884 471 418 898 688 924 781 214 198 409 610 726 635 403
483 483 816 521 435 213 436 464 465 393 472 432 716 403 706 125 726 307 337 667 454 362 674 892 772 454 801 415 755 872 509 309 827 515 454 776 167 863 417 834 870 123 464 495 623 146 289 430 858 140 460 359 404 645 602 794 269 327 891 461 340 573 403 725
215 736 786 898 723 384 580 547 687 308 291 125 426 675 268 485 466 503 508 534 611 243 301 684 761 197 844 189 159 705 540 450 874 833 176 792 709 821 579 285 292 502 822 848 764 214 553 750 659 280 804 362 242 475 683 526 377 812 854 802 402 644 762 491
432 327 118 335 267 706 668 398 117 452 212 337 435 868 750 435 184 465 855 798 521 769 827 222 135 142 454 795 406 688 588 851 642 465 373 309 174 512 783 273 322 287 773 674 500 824 416 340 836 262 185 797 238 559 869 668 629 617 734 712 868 812 512 215
450 480 531 767 696 779 667 778 187 543 732 328 378 871 872 857 603 709 540 473 696 830 864 367 542 859 812 693 121 758 396 691 469 235 180 209 530 225 414 879 151 618 612 853 746 339 208 551 375 416 359 688 121 272 564 758 648 745 470 678 419 818 840 916
468 224 141 776 341 538 717 781 552 451 270 190 455 745 761 252 701 525 629 681 362 700 619 167 256 574 397 197 460 895 368 530 162 456 394 441 869 880 174 710 265 464 773 700 403 268 226 451 456 725 153 757 406 350 748 528 360 585 727 815 317 646 207 539
139 269 130 517 810 171 895 645 299 902 518 601 490 761 577 430 246 245 343 426 530 784 191 619 748 337 670 718 148 327 651 317 244 720 497 371 467 730 553 920 633 805 621 774 601 241 419 558 734 701 789 814 404 496 144 297 176 383 452 476 328 711 771 263
331 756 521 881 739 383 866 825 695 252 606 277 149 883 543 573 140 839 814 497 136 344 703 311 453 740 200 185 215 198 820 592 591 845 569 339 589 753 453 681 604 299 421 676 240 358 439 537 345 587 694 268 849 404 258 659 747 687 871 269 179 568 389 187
752 270 733 842 241 600 208 839 418 134 182 222 497 195 502 365 823 244 622 460 601 386 138 639 508 124 627 461 447 841 365 785 471 319 183 301 553 355 167 827 194 430 609 245 322 856 628 743 785 408 633 609 698 448 217 114 864 338 262 429 270 850 790 484
342 402 824 243 690 194 750 587 533 618 276 594 433 651 655 221 267 399 517 509 393 275 756 633 660 432 137 791 730 473 673 349 881 912 341 908 457 802 823 513 809 593 296 272 590 267 459 743 271 660 890 507 732 694 350 233 661 161 632 486 158 389 710 272
356 365 361 303 739 560 754 456 499 609 432 118 451 226 569 375 602 463 701 738 696 871 578 151 850 138 378 774 478 424 466 855 514 406 608 763 346 448 357 170 493 782 600 239 716 461 606 304 447 816 171 399 585 555 432 127 716 421 618 216 862 294 543 212
389 747 401 800 388 617 798 509 482 281 267 545 350 205 802 454 333 201 526 224 854 810 306 479 654 442 613 466 672 775 459 526 487 839 874 356 889 313 911 275 656 128 856 88 532 250 820 354 845 717 369 403 226 139 622 403 890 525 903 103 809 248 212 837
802 733 383 647 414 500 498 300 520 535 518 694 740 325 396 448 383 459 164 633 757 159 349 616 669 757 699 178 793 843 300 609 519 720 449 388 195 518 485 689 308 762 137 570 435 125 515 529 261 634 797 343 436 723 722 703 717 360 476 334 362 784 151 662
478 147 463 353 620 622 696 620 843 363 873 818 717 594 537 368 143 289 381 394 203 273 356 418 160 622 314 747 221 528 427 486 610 280 273 520 402 821 559 640 191 804 469 515 517 544 439 206 661 673 238 833 197 495 784 565 431 747 434 403 591 789 501 416
898 742 642 740 138 321 231 663 811 156 382 708 336 622 125 151 240 423 774 767 312 810 108 421 863 808 530 824 887 555 709 240 267 429 680 654 473 712 148 934 280 707 564 650 160 672 403 727 181 799 492 923 238 601 623 321 433 547 141 830 174 560 261 913
316 817 376 786 449 413 642 806 762 784 748 468 472 505 177 599 695 172 174 105 476 457 149 604 757 373 155 819 491 545 474 159 534 786 701 521 740 295 581 600 362 513 580 180 781 592 122 674 834 753 319 340 789 886 787 791 593 582 138 481 226 871 554 510
701 407 349 530 482 722 419 594 520 715 516 426 597 539 336 380 428 245 277 451 344 421 809 824 247 382 848 878 422 888 624 274 905 641 707 706 670 861 451 902 209 372 288 580 124 468 683 551 358 592 632 637 489 420 811 347 228 498 216 878 255 628 893 775
709 143 419 194 805 375 879 130 557 124 326 573 585 488 364 482 836 576 882 752 305 183 800 717 813 329 733 689 446 767 311 921 672 800 738 657 521 451 330 369 870 755 677 263 648 341 899 340 529 683 424 906 170 561 178 827 376 487 743 829 592 659 449 773
596 137 237 792 821 228 395 380 151 351 837 766 403 647 672 262 775 665 802 342 404 655 560 562 557 736 366 849 513 209 722 657 542 239 199 866 354 815 221 881 668 422 464 600 740 563 714 181 576 518 675 527 866 606 474 327 722 189 212 158 886 745 474 714
385 215 786 799 580 610 639 265 755 427 777 851 799 507 253 146 230 641 675 874 168 424 245 788 212 175 456 201 561 877 150 395 229 548 865 338 269 708 365 431 837 550 278 846 147 768 313 884 675 567 778 147 901 214 142 336 892 613 348 830 696 262 723 218
921 770 796 579 176 644 586 389 366 859 736 615 475 628 822 780 357 303 606 666 572 574 900 533 789 741 440 358 357 676 346 738 687 389 414 308 186 629 108 324 714 861 170 200 675 659 854 470 509 408 518 534 508 806 822 213 278 746 335 425 378 775 512 699
910 228 886 297 742 345 358 202 770 739 309 536 740 350 665 703 433 184 842 168 527 666 557 718 863 758 803 589 805 621 170 259 612 387 394 220 358 541 420 631 360 139 264 262 578 566 361 576 383 784 513 671 371 163 690 171 296 394 138 150 504 229 310 290
325 441 668 702 511 137 342 531 333 765 315 743 750 526 631 384 392 470 902 572 308 610 813 884 476 803 378 706 171 358 299 585 871 319 191 475 637 141 833 309 687 306 226 606 332 154 157 325 584 143 833 248 721 524 608 296 755 237 810 658 544 153 868 188
805 853 873 882 504 239 900 750 770 191 288 491 409 883 892 504 398 658 293 839 129 706 861 158 213 558 262 215 143 181 339 754 317 770 643 779 877 435 419 442 744 399 876 765 632 208 784 806 899 185 222 341 851 485 833 82 286 514 640 64 566 470 861 196
