301 687 484 623 128 581 703 576 834 876 320 375 740 771 581 634 525 143 903 434 792 769 604 564 188 174 749 737 655 694 251 790 704 262 484 171 332 758 443 106 253 520 176 151 827 333 774 464 336 417 649 390 870 84 770 54 162 155 849 83 156 621 829 524
257 619 411 334 800 628 214 733 668 453 881 517 252 917 731 754 162 903 490 438 655 658 742 880 520 655 612 806 148 669 433 690 377 428 276 792 629 214 98 557 455 671 429 764 587 522 348 396 145 338 181 422 671 461 695 625 510 773 639 158 492 838 242 539
462 395 617 646 725 582 813 336 158 395 785 703 160 602 578 528 392 403 572 726 223 441 351 405 134 834 663 356 103 318 117 686 241 604 504 154 112 182 226 409 226 767 827 433 322 734 825 360 361 300 225 712 328 776 903 158 387 152 848 629 729 388 649 582
672 238 616 789 467 482 362 832 825 758 390 697 403 327 691 742 318 184 669 585 651 456 184 919 695 298 455 881 570 219 284 627 604 579 286 824 360 370 383 839 759 658 136 835 446 304 227 715 360 853 765 156 783 397 532 601 709 208 537 526 317 625 667 738
112 837 329 443 550 479 825 506 153 870 807 288 248 518 765 176 714 455 154 858 341 619 160 416 617 902 750 603 880 871 378 148 508 485 557 774 497 717 326 447 168 517 852 457 104 549 500 301 307 737 709 177 807 435 170 326 224 689 707 711 501 695 906 878
463 837 228 264 284 226 388 240 676 702 208 894 623 865 763 666 134 880 219 805 727 148 364 224 544 796 488 204 619 899 787 780 691 877 188 415 414 259 284 540 256 885 312 424 721 834 736 428 190 766 681 297 509 486 292 358 732 310 181 818 160 762 510 265
458 834 571 871 191 342 315 463 568 555 363 644 294 498 157 269 235 855 713 658 826 176 412 748 741 693 897 279 606 612 633 519 879 166 170 839 715 675 522 363 128 136 864 189 154 716 227 245 238 540 522 819 726 846 867 328 721 184 146 509 552 786 376 623
581 178 583 615 648 381 254 302 150 467 128 817 747 910 242 281 459 578 603 714 871 331 862 313 515 297 587 286 709 805 582 287 583 303 159 210 737 202 653 714 139 344 336 746 218 591 315 810 787 589 389 731 295 761 824 176 391 553 190 460 850 334 342 460
570 455 357 513 405 761 570 776 668 632 434 691 192 892 492 642 360 423 723 189 887 545 559 276 481 567 727 133 620 765 740 841 719 238 836 739 170 419 711 157 164 822 634 852 430 176 664 614 794 799 710 772 607 480 525 802 147 760 380 191 396 105 652 172
639 401 520 198 206 175 854 325 707 643 519 551 874 368 571 889 160 693 873 631 901 853 632 708 215 213 681 140 202 771 283 427 148 168 349 469 258 396 833 455 628 456 194 379 293 531 281 542 455 914 324 691 661 751 599 149 313 359 125 866 116 312 797 488
463 799 395 624 395 811 190 261 652 529 765 633 744 416 898 597 855 917 569 715 667 375 703 160 315 264 232 329 189 795 671 334 283 760 887 326 743 637 328 537 573 873 351 577 603 874 469 900 299 737 432 650 834 821 692 916 114 316 298 545 655 200 650 161
246 643 590 164 317 673 868 753 902 252 610 656 344 451 442 848 559 867 478 615 887 585 568 680 758 573 174 692 465 260 351 718 412 529 637 696 761 525 683 363 496 210 493 539 578 898 432 173 876 586 167 483 127 145 273 557 367 726 327 694 581 866 521 514
681 604 552 897 634 392 588 752 528 275 671 404 699 648 834 590 578 297 446 657 416 589 773 852 392 605 632 817 381 870 479 198 873 182 585 503 299 516 322 560 252 715 192 382 694 280 864 666 404 437 276 854 831 190 596 687 376 689 160 334 839 177 274 337
694 457 159 909 271 816 487 320 652 496 245 588 594 830 828 243 255 744 712 863 653 860 462 371 497 243 772 586 130 168 400 210 801 162 264 272 309 792 681 653 434 631 257 886 381 504 444 157 896 241 565 314 740 644 614 404 570 373 239 212 278 668 592 126
799 518 625 733 546 539 211 672 529 733 388 289 263 182 134 157 536 573 202 335 880 291 357 718 158 767 837 866 121 498 381 516 213 866 817 490 399 272 188 323 433 882 796 168 831 747 510 624 832 508 333 774 730 762 681 473 370 590 871 707 123 621 751 478
619 853 163 832 552 202 334 559 722 770 382 183 611 410 870 503 883 381 853 662 539 904 317 420 193 731 576 198 127 488 255 105 385 429 332 124 685 806 840 877 516 217 383 768 855 678 516 366 163 751 138 872 232 752 712 666 422 388 708 594 538 742 317 677
220 304 576 453 288 423 219 665 803 443 315 443 799 530 879 551 341 207 435 832 683 445 327 270 661 132 368 449 672 703 381 345 525 773 845 269 138 238 173 416 370 675 675 361 772 772 611 155 215 914 674 177 627 794 676 137 314 468 315 370 803 899 774 653
140 871 530 453 871 532 211 518 807 711 708 526 370 830 796 267 745 505 218 312 205 791 875 236 893 667 508 802 597 349 466 327 778 706 313 578 428 569 762 800 315 208 900 344 528 429 621 840 656 202 604 471 168 490 219 129 706 456 604 618 175 462 461 380
717 567 340 879 634 230 865 354 513 857 716 368 873 664 911 397 405 773 470 571 717 812 251 620 495 568 523 482 703 155 542 220 130 670 811 614 642 572 334 207 847 763 695 739 667 546 598 324 729 759 856 515 183 877 694 323 848 388 199 726 175 259 258 384
751 446 139 701 807 725 238 746 376 480 506 613 198 592 237 717 565 234 806 364 308 684 548 297 494 351 213 874 364 283 378 901 355 789 817 252 400 569 355 377 218 507 374 609 386 824 551 844 831 195 375 249 264 638 229 272 605 365 678 559 640 259 868 902
620 667 704 320 823 414 184 636 176 391 533 618 786 858 724 408 311 282 904 341 758 507 399 554 680 137 160 610 489 248 168 609 688 805 443 275 224 741 622 160 717 568 514 651 690 313 848 736 554 555 508 436 156 123 352 218 698 666 317 436 903 691 892 884
296 632 416 707 649 599 387 363 188 187 859 600 463 309 494 221 473 556 710 580 462 407 151 606 298 885 703 714 565 842 738 180 886 244 506 396 625 582 379 671 226 677 423 834 516 235 610 254 331 349 517 230 415 662 561 428 140 815 779 345 512 411 896 375
452 316 534 776 871 760 866 360 461 582 152 808 642 493 157 821 179 307 811 286 710 158 658 598 549 131 556 261 853 560 636 459 592 274 256 521 531 882 626 906 605 228 544 709 198 466 672 478 452 401 906 752 719 304 894 574 489 705 714 452 794 636 703 213
313 685 488 358 857 192 828 359 444 399 579 628 709 534 204 782 593 452 590 805 842 148 634 373 743 278 628 423 243 844 147 222 261 254 740 430 197 787 249 162 560 784 536 723 747 419 203 144 224 461 514 650 740 767 586 263 499 668 287 559 861 775 563 653
785 716 836 788 268 668 136 444 649 845 133 575 476 779 515 223 175 270 817 549 634 689 775 844 728 179 345 785 829 444 284 860 524 445 302 837 338 294 435 420 548 869 757 884 336 199 259 236 193 114 638 835 867 386 490 558 492 903 317 783 178 335 759 403
405 767 497 511 257 270 248 854 810 593 633 742 359 886 409 622 452 704 836 801 582 889 142 555 244 583 164 654 751 896 757 495 666 790 584 336 325 731 837 225 180 821 439 382 454 615 867 221 669 382 621 187 534 536 649 895 849 314 495 340 230 727 757 268
320 266 147 303 302 586 645 523 633 559 442 158 749 658 321 384 319 740 416 783 652 232 625 369 219 614 276 270 126 457 706 417 362 618 138 706 874 674 586 382 903 590 841 748 459 698 299 730 415 515 239 570 524 481 682 606 664 348 849 477 659 289 636 493
344 655 491 729 219 660 888 253 240 282 822 411 390 881 416 168 551 676 774 365 727 559 607 207 320 781 724 799 583 517 679 738 537 505 404 686 333 328 293 371 516 255 743 482 731 691 747 737 632 784 259 281 293 646 454 328 201 408 830 402 536 549 448 557
735 563 272 176 733 843 561 768 610 419 501 547 285 247 533 621 658 818 564 848 843 828 475 172 226 156 628 680 735 275 182 270 504 611 774 171 717 734 878 268 303 598 370 618 894 288 435 451 711 230 771 888 446 517 792 245 358 751 521 684 682 285 600 368
838 201 906 556 354 536 336 152 841 252 584 452 665 171 728 708 661 745 384 697 829 786 242 759 372 443 388 464 574 345 881 251 439 329 423 680 604 408 369 896 289 570 280 641 283 538 441 747 251 412 650 605 133 629 795 804 194 656 387 584 401 553 688 146
744 436 392 365 216 588 319 357 858 561 696 490 512 378 733 517 590 371 392 327 276 572 518 905 437 609 237 594 331 582 598 790 644 413 364 451 559 577 855 569 423 897 160 270 115 462 827 292 743 779 364 556 615 204 657 284 873 813 273 468 629 846 770 168
549 323 473 527 200 103 585 398 466 456 199 279 328 256 335 830 775 880 330 544 554 850 291 517 202 886 258 158 264 580 262 147 545 526 158 811 891 792 689 309 376 635 205 255 463 325 739 458 383 856 282 657 232 491 798 304 739 743 859 596 494 516 234 615
467 258 513 811 796 333 878 472 584 535 635 234 746 209 607 463 390 128 887 590 503 467 686 312 374 726 403 378 415 599 650 284 304 389 142 622 197 703 601 636 231 511 763 319 354 908 503 831 114 741 134 370 330 780 771 583 767 337 269 743 763 253 551 578
585 256 761 157 848 426 856 436 300 477 657 94 842 243 885 155 499 716 776 157 527 797 884 275 667 367 799 360 496 504 280 395 829 596 317 430 719 709 488 900 702 249 672 211 239 340 608 285 521 711 762 716 168 597 809 927 801 840 241 906 804 489 864 570
747 429 443 332 336 342 193 673 322 277 557 211 623 591 844 500 496 307 560 329 202 761 616 133 295 326 444 542 349 641 174 574 511 580 587 742 633 638 363 631 137 833 468 723 390 266 833 884 351 263 575 889 889 240 520 914 538 203 773 828 425 545 147 572
417 235 510 206 563 717 643 286 751 123 475 449 329 389 423 444 817 471 223 146 443 263 903 301 664 381 687 435 801 296 304 753 817 363 393 498 460 862 679 914 123 458 756 429 154 415 254 406 841 602 502 644 299 660 526 758 824 652 591 357 735 201 782 454
570 576 758 831 490 685 212 370 399 733 599 627 271 570 375 775 296 210 631 481 128 163 528 674 626 362 653 724 507 847 333 807 483 518 419 637 720 835 483 237 307 493 442 366 432 711 798 902 352 514 501 503 526 679 242 333 653 368 884 253 296 808 236 523
468 325 443 594 740 121 158 412 378 682 851 865 864 648 231 222 652 615 245 658 465 638 650 217 468 559 675 427 862 219 356 899 864 660 600 801 478 137 655 451 734 265 665 827 657 449 451 654 752 437 717 863 517 228 756 231 210 453 745 571 428 611 260 802
472 424 334 866 290 678 458 593 682 313 867 708 712 240 644 175 829 695 871 311 719 641 537 559 314 451 487 479 281 241 876 383 273 659 702 444 209 704 888 843 240 238 398 270 186 646 718 336 148 424 376 850 289 845 631 850 834 708 789 165 313 343 325 623
510 839 646 322 627 132 206 672 623 262 396 796 430 306 390 218 615 678 671 285 872 546 687 875 388 477 831 345 887 295 806 515 793 717 687 715 666 221 173 575 712 296 563 404 629 727 684 764 775 484 168 337 229 822 910 802 647 607 693 461 589 743 192 445
643 274 634 869 844 366 392 668 764 404 453 863 803 493 785 558 615 482 152 811 243 770 394 544 311 257 893 384 910 781 365 893 552 833 265 896 290 196 715 441 444 110 908 161 800 317 581 557 284 442 884 472 418 898 689 922 780 214 197 410 609 724 635 403
483 483 815 521 436 213 437 464 464 392 472 433 717 403 707 125 726 307 337 668 454 362 675 892 773 453 800 415 756 871 509 309 830 515 454 775 166 867 418 835 870 123 464 496 623 146 289 435 859 140 460 359 404 645 603 795 269 327 890 460 341 573 403 724
217 736 785 899 725 383 581 548 688 308 291 125 425 673 269 485 468 503 507 533 610 243 300 684 761 198 843 189 161 704 542 451 875 835 176 794 709 824 579 285 294 504 822 847 764 213 552 751 660 280 804 362 242 475 682 525 376 814 852 801 401 641 762 492
432 329 118 335 268 707 668 400 118 453 212 338 435 868 753 434 184 463 854 797 520 768 828 220 135 141 454 795 407 688 591 852 641 463 373 310 174 514 783 274 324 286 775 673 500 822 416 339 838 261 187 796 238 558 869 667 628 616 734 712 868 812 512 213
450 478 530 766 696 779 667 779 187 543 733 328 378 870 871 858 602 710 539 472 696 829 864 367 544 859 811 691 125 758 399 690 469 236 181 209 530 226 414 880 152 617 614 853 747 339 208 551 376 415 359 688 122 271 564 757 649 743 468 678 421 818 839 917
469 226 140 775 338 538 717 781 556 451 270 190 456 747 762 251 702 525 627 681 363 699 620 167 256 572 397 198 460 896 369 530 161 455 395 443 868 878 174 710 265 465 773 701 403 268 226 452 454 725 153 757 405 350 745 529 363 586 726 815 319 647 208 539
140 270 130 518 809 171 896 648 300 903 519 600 491 763 578 430 246 245 345 427 530 786 191 620 749 338 670 719 148 327 652 317 243 720 497 372 468 730 554 925 633 804 620 774 602 240 419 558 735 701 789 814 405 493 143 298 178 383 451 475 329 710 772 261
329 756 522 881 738 384 866 825 697 252 608 277 150 886 543 573 141 844 814 496 138 345 703 311 452 740 200 183 215 197 820 593 590 845 569 340 587 754 453 682 604 301 420 677 241 358 440 535 344 586 694 268 848 404 258 659 748 689 872 269 180 567 389 187
750 271 733 843 240 601 208 840 418 133 183 222 496 195 502 364 824 244 620 461 601 386 139 639 509 125 626 460 446 841 365 784 470 318 182 301 552 355 167 827 194 430 610 243 322 856 628 742 785 407 633 611 697 449 217 114 864 338 261 431 270 851 790 484
347 404 825 244 690 194 749 588 534 619 275 594 433 651 654 221 267 398 517 510 393 276 756 632 661 431 137 789 730 473 673 346 881 912 341 907 458 801 822 512 809 596 292 274 589 268 458 744 271 659 890 505 731 695 352 233 657 162 630 485 158 389 708 272
359 372 362 302 739 558 755 455 499 609 433 118 451 227 570 374 602 463 701 738 694 871 577 151 849 137 378 773 478 423 466 855 514 409 608 764 346 449 357 171 493 780 599 245 715 461 605 303 446 816 170 397 586 555 433 128 716 421 618 217 863 295 540 212
389 744 400 800 390 616 798 508 481 280 268 546 353 201 803 454 334 202 527 225 854 810 306 479 654 441 613 466 672 774 458 528 487 839 876 356 890 314 910 274 655 130 852 92 529 251 821 353 847 717 368 403 226 134 621 405 888 525 902 105 809 249 212 837
801 733 383 646 415 498 499 299 521 535 518 696 740 325 396 448 382 458 165 633 759 159 348 617 669 757 698 177 793 843 300 610 521 720 451 388 198 518 485 688 310 762 137 568 434 125 516 531 262 636 796 344 437 721 725 703 713 362 475 333 361 783 152 662
476 148 463 350 619 620 697 620 843 362 873 818 717 593 535 368 143 289 382 396 202 272 358 417 160 622 314 748 221 528 427 486 610 280 273 520 402 820 559 639 192 803 470 513 518 543 441 204 661 672 237 831 195 495 785 564 431 746 435 399 594 789 500 416
895 742 640 740 138 320 230 664 811 156 382 708 337 621 125 152 239 422 774 767 313 812 108 421 863 808 530 824 887 553 707 239 268 429 680 651 476 713 148 934 280 706 563 650 159 672 403 727 180 799 489 923 241 602 624 321 434 547 141 830 174 560 257 912
315 816 377 784 449 411 642 807 762 785 748 468 473 503 177 599 694 173 176 106 474 457 148 604 756 373 154 818 491 545 474 158 533 785 701 522 737 296 580 601 361 516 582 179 781 591 121 673 834 754 319 340 787 885 787 791 593 582 137 482 229 871 554 511
701 407 349 529 482 718 419 597 520 718 516 426 597 539 336 378 427 246 275 450 341 421 804 823 247 383 847 877 422 888 625 273 905 640 706 703 670 860 450 902 209 372 286 581 122 469 682 552 358 592 631 637 490 419 811 347 228 497 216 878 254 629 892 776
710 143 419 195 805 377 879 132 557 124 325 573 584 488 363 480 837 576 882 751 305 183 800 717 814 328 732 689 447 768 311 919 672 799 738 657 519 450 328 368 870 755 676 262 648 340 899 339 529 684 424 910 167 564 175 828 373 488 743 832 589 663 451 775
595 139 237 792 821 224 392 384 151 351 834 767 403 646 672 261 775 665 803 341 404 655 560 562 557 736 366 849 514 209 725 655 542 238 200 865 354 813 220 882 667 421 462 598 740 561 714 181 575 518 675 526 865 608 472 327 720 189 213 157 885 745 473 715
385 216 787 798 579 611 638 266 754 427 776 851 799 506 253 148 230 642 674 875 168 423 245 789 211 174 457 201 563 877 150 396 230 549 866 337 269 707 366 429 839 549 278 845 147 768 311 883 675 568 779 147 901 215 142 338 891 612 348 831 697 263 723 219
921 770 796 579 176 645 586 392 365 859 736 615 475 628 822 782 358 303 606 666 571 573 899 534 787 739 440 357 355 676 345 738 687 391 416 309 186 629 108 326 714 861 169 199 677 657 853 469 508 409 517 534 508 807 824 213 278 747 335 427 379 776 514 704
910 228 886 298 741 346 357 202 769 738 310 536 741 350 665 703 433 185 840 167 526 666 557 719 862 757 803 588 802 621 170 259 611 387 393 219 358 542 421 632 361 141 265 261 578 568 361 578 383 784 513 672 372 163 684 171 298 392 138 148 503 230 312 289
327 442 665 702 510 136 342 530 331 765 315 743 750 526 631 386 390 471 903 572 309 610 811 882 476 799 381 702 166 359 297 585 871 322 191 476 638 143 835 310 688 306 225 606 332 154 157 325 584 141 833 248 721 525 608 298 756 237 810 659 545 153 868 191
806 853 869 882 502 239 897 750 767 193 287 493 409 883 892 506 393 659 292 839 131 706 862 157 212 558 263 217 140 184 340 753 317 770 642 778 877 437 418 444 745 399 876 767 634 205 786 809 897 185 223 340 851 485 833 82 286 513 641 63 567 469 866 195
