875 178 870 692 501 892 280 224 761 556 488 346 581 923 50 62 750 488 672 919 4 440 658 142 421 807 670 987 461 1007 251 952 357 378 327 750 1008 992 331 587 689 951 908 603 267 181 292 475 716 623 412 311 16 721 157 418 595 965 905 212 537 681 710 92
229 136 537 533 256 509 350 510 890 505 454 876 843 512 773 372 664 981 704 905 509 358 135 205 67 229 454 168 505 534 98 589 796 656 703 920 327 961 49 547 1011 595 929 81 746 274 427 1020 731 952 544 27 725 503 399 509 292 692 860 118 702 487 608 376
104 268 276 716 171 643 215 314 211 674 687 552 595 330 604 590 228 526 550 531 826 439 707 761 799 338 705 804 506 387 307 732 793 833 787 354 476 747 619 214 838 401 729 513 245 624 192 299 453 188 596 364 353 768 575 429 170 500 245 222 194 708 369 888
706 350 326 724 559 454 545 345 440 380 748 291 738 749 515 259 195 437 593 571 821 484 773 307 264 836 377 832 740 797 749 338 549 454 840 424 242 322 756 131 686 690 308 679 293 245 528 229 522 405 670 807 792 786 325 317 519 748 336 382 216 384 801 904
149 156 529 182 539 617 572 326 762 531 359 383 260 317 412 406 271 474 207 259 489 220 540 793 752 685 421 483 528 595 805 843 748 669 458 541 336 170 504 158 575 601 314 612 378 417 807 510 663 538 228 781 286 443 411 531 500 625 659 669 595 575 830 611
212 468 263 139 614 169 765 313 839 332 833 755 413 220 674 497 726 457 594 726 424 464 422 264 464 258 259 668 258 659 680 716 462 554 210 540 538 493 517 550 529 554 491 227 337 792 875 606 775 618 460 697 458 252 651 543 198 295 717 543 904 629 660 282
74 362 117 561 505 603 685 164 397 487 685 631 402 407 796 189 602 655 789 695 746 344 341 676 474 356 528 395 545 373 322 343 370 455 699 560 585 789 290 539 579 697 672 486 593 777 583 705 211 664 224 662 345 213 428 602 137 370 416 615 800 502 346 161
173 766 289 713 521 422 289 389 429 565 325 847 324 716 489 208 454 387 486 331 758 670 585 740 652 639 565 764 247 528 347 580 850 610 850 650 532 539 673 408 676 274 219 599 560 799 360 496 410 862 541 655 289 742 453 732 259 411 731 226 334 592 218 788
669 765 839 653 478 197 333 262 249 679 804 455 600 263 274 595 377 796 553 792 524 421 725 849 525 904 270 716 249 350 233 355 861 566 685 724 482 733 571 320 551 763 344 284 531 646 569 448 564 764 498 726 245 453 779 232 859 661 502 786 206 450 384 379
498 813 637 443 388 632 612 335 760 426 757 472 656 640 498 176 779 232 849 450 766 770 654 249 666 683 545 756 370 418 532 832 423 662 302 550 348 684 468 371 381 609 817 695 514 778 212 347 729 455 693 493 322 390 658 475 764 427 435 564 740 389 445 546
417 461 328 195 211 650 689 406 618 734 762 654 891 595 813 312 352 625 369 567 587 779 725 189 561 587 342 387 505 261 651 733 700 658 722 720 219 205 188 229 580 592 808 395 838 869 324 448 407 478 791 691 375 801 185 442 423 189 729 601 532 799 447 227
174 223 809 377 832 738 474 535 728 391 741 301 323 464 523 764 740 270 507 294 295 189 402 223 645 677 348 759 804 696 682 550 252 320 457 830 622 615 421 647 672 386 599 663 342 821 455 614 228 264 295 244 628 552 786 438 390 711 454 283 525 548 544 798
398 559 548 397 763 730 466 716 316 674 793 684 376 725 719 372 230 275 327 376 779 760 521 728 355 563 764 771 743 820 516 319 799 598 472 409 605 672 551 308 287 815 533 736 769 346 621 768 268 734 609 236 430 297 672 280 454 681 522 224 366 280 295 222
643 497 241 194 312 234 125 417 119 724 314 652 337 382 534 496 504 461 567 439 556 750 650 735 486 464 745 530 366 767 371 357 641 542 549 872 393 842 424 584 343 748 715 588 651 830 391 584 215 626 508 174 542 281 292 338 643 484 652 178 199 726 505 606
684 803 404 468 770 294 363 180 633 294 539 175 810 272 302 222 573 602 378 823 607 355 356 459 349 637 595 308 300 361 621 372 490 750 199 623 197 413 245 719 336 837 396 446 667 422 415 330 410 152 674 249 698 194 476 225 498 648 550 284 276 267 355 354
870 420 728 616 564 873 669 841 844 431 842 180 897 509 673 350 263 551 243 720 189 471 356 420 315 820 683 849 219 237 143 633 458 517 742 837 323 508 627 497 364 714 793 849 373 697 744 667 649 190 562 710 240 231 560 475 374 330 370 275 475 374 577 749
193 655 259 427 187 770 240 925 833 822 731 324 287 374 183 171 104 389 122 244 360 213 795 284 782 805 282 892 131 806 223 449 326 810 705 442 423 684 318 670 594 816 467 561 494 581 416 358 246 722 809 563 658 395 405 664 759 668 420 397 534 671 474 427
522 637 686 900 360 856 207 938 268 745 432 728 467 297 516 181 587 143 426 498 227 342 729 276 779 341 456 678 147 833 222 546 440 558 550 728 401 697 480 337 408 798 760 492 559 678 224 430 443 715 768 352 702 480 783 215 239 679 356 509 650 857 560 887
800 557 633 867 704 774 447 847 741 848 647 438 696 275 479 99 546 163 674 677 746 518 337 579 299 796 609 736 195 550 318 213 358 307 828 552 802 863 662 698 296 509 200 357 723 467 760 378 223 202 486 176 224 384 330 293 390 839 716 609 560 538 876 842
366 685 660 475 302 841 795 592 478 181 663 182 409 535 523 258 209 241 414 750 312 581 702 696 594 784 394 576 519 460 343 806 646 667 312 764 215 437 270 382 748 575 267 645 542 678 474 718 308 509 702 490 445 372 682 513 216 731 486 754 376 297 545 464
798 441 304 559 342 703 400 362 379 420 350 275 307 160 537 190 778 583 565 525 781 756 393 212 645 259 629 263 463 747 283 497 158 242 154 753 561 854 410 744 778 574 467 180 457 367 195 775 598 325 579 590 753 493 530 728 841 542 867 647 701 534 215 639
533 561 582 797 207 265 380 298 215 312 337 286 650 148 220 120 612 732 788 741 394 274 408 192 755 532 347 219 618 177 198 253 163 590 760 872 470 562 866 643 825 496 224 184 538 617 247 230 384 317 362 341 795 593 448 285 596 796 576 705 443 672 672 354
843 631 255 453 566 608 538 625 761 746 729 550 497 140 539 287 409 855 762 756 534 498 805 442 533 728 675 233 414 151 400 575 458 415 718 630 283 593 635 635 538 560 224 679 144 820 170 549 527 308 662 139 659 296 246 629 143 651 318 478 629 312 878 803
392 795 438 646 799 338 704 453 485 206 427 396 368 598 632 825 213 401 622 533 764 829 611 795 220 298 408 663 477 517 448 556 686 626 212 867 516 563 491 513 583 226 551 376 768 533 639 286 193 214 272 426 300 209 761 821 418 809 387 513 713 314 254 365
635 283 290 655 381 145 790 163 843 742 801 899 570 835 755 546 303 655 156 502 429 726 509 276 246 330 380 656 704 623 615 806 505 771 215 817 244 396 611 699 646 631 481 384 276 654 419 253 485 500 600 660 519 596 823 293 495 145 757 149 455 386 635 779
664 378 784 517 328 356 407 183 292 821 233 906 630 912 214 827 170 300 264 742 547 635 390 793 648 315 591 428 686 603 743 416 880 893 723 866 216 309 470 412 450 447 411 406 295 410 719 572 646 669 734 812 769 724 706 239 488 112 772 258 644 274 692 340
213 370 446 442 604 763 537 250 506 660 759 276 694 618 357 364 340 827 141 850 217 489 426 611 454 686 470 192 630 273 252 235 845 376 665 740 333 815 600 657 555 742 744 688 315 611 388 432 642 296 720 403 560 392 747 340 442 743 275 597 606 475 616 642
794 247 460 682 398 369 377 684 562 607 259 681 564 793 313 734 533 556 720 730 343 333 728 300 604 686 809 323 339 325 333 420 348 318 194 486 613 611 356 729 807 559 423 486 784 802 284 747 450 507 423 827 682 660 248 806 582 543 614 592 598 639 570 497
650 795 614 631 664 224 505 246 391 746 394 430 359 842 173 635 555 440 748 656 494 199 579 615 218 534 689 790 242 677 738 781 598 311 464 403 264 318 247 607 811 398 797 208 588 772 446 528 601 607 276 660 547 703 186 616 637 535 412 202 518 594 462 283
439 533 740 771 315 519 651 631 538 299 669 783 261 867 388 269 804 279 852 651 588 700 423 422 145 579 135 395 311 706 484 478 779 524 698 693 218 549 288 381 721 372 769 454 648 250 712 708 237 606 785 218 694 571 376 497 342 372 593 278 210 749 242 436
480 824 783 852 507 451 236 395 816 487 360 826 451 350 443 224 819 619 923 715 836 331 241 458 410 335 565 174 456 821 579 763 684 294 319 542 199 774 569 564 866 519 446 197 189 243 290 572 582 707 714 280 748 545 429 441 194 655 410 541 794 424 728 253
868 424 513 391 797 259 382 655 698 256 478 212 431 426 798 125 833 411 407 363 626 215 631 610 805 284 852 362 671 515 683 521 410 206 339 432 339 216 183 570 579 608 653 318 270 163 342 388 333 483 583 795 698 794 309 332 159 235 499 626 290 480 429 850
449 268 827 249 803 636 770 256 792 487 390 691 609 225 715 282 823 643 779 465 622 737 832 444 620 676 670 437 633 340 471 694 474 819 424 358 303 565 334 333 346 467 315 716 189 179 465 203 526 531 814 649 722 249 425 250 654 222 382 603 621 674 677 872
266 626 706 617 696 575 337 391 668 474 388 736 766 714 368 478 835 744 379 558 167 234 256 513 601 682 862 302 546 718 284 888 402 645 717 506 771 490 343 803 695 772 335 837 756 203 335 553 356 771 672 350 624 479 176 282 313 524 855 683 754 616 311 289
519 480 562 281 770 362 814 399 413 342 782 380 674 286 679 323 864 213 551 507 334 708 350 545 684 842 474 545 452 655 699 595 559 419 764 745 793 497 365 668 470 795 454 877 645 543 183 734 459 481 503 526 318 721 117 661 403 384 828 430 265 209 197 200
815 487 760 631 731 765 801 478 641 820 612 699 642 341 500 782 419 737 317 807 504 296 575 379 679 640 652 654 797 289 308 461 460 319 446 581 828 704 438 317 773 236 831 438 722 538 440 506 255 427 242 725 257 898 315 490 413 701 202 735 292 321 194 73
224 861 305 887 196 659 275 595 720 302 648 260 448 363 493 845 428 765 217 360 186 760 540 356 247 184 202 494 376 559 631 602 434 283 805 568 798 624 342 182 357 74 644 329 430 614 751 287 502 546 205 838 379 703 718 746 347 537 455 548 294 596 136 312
290 751 582 549 271 268 321 674 520 400 388 687 332 286 826 223 772 436 512 279 150 551 358 212 253 340 366 168 483 689 382 463 500 156 632 172 690 252 840 319 772 174 410 227 654 216 485 539 320 612 167 730 818 684 839 539 508 390 428 191 701 567 556 124
232 394 560 438 669 526 472 199 563 158 664 426 515 361 733 330 265 162 260 426 190 658 495 343 205 514 599 168 415 747 384 756 404 747 533 657 336 526 459 417 525 238 632 628 395 384 591 633 466 618 567 252 288 602 670 239 670 594 635 369 596 205 428 273
833 286 506 726 429 715 281 740 404 166 681 198 271 441 676 128 711 371 462 527 749 775 833 809 432 225 682 164 264 644 790 417 472 398 214 346 404 650 792 686 301 297 765 566 701 640 648 803 862 740 783 660 817 662 750 782 437 694 689 328 836 559 533 755
467 494 700 320 482 621 260 540 485 207 705 236 284 527 214 164 502 203 857 339 839 549 507 705 595 472 857 538 683 282 433 718 482 290 770 302 352 683 771 663 729 611 774 780 235 566 355 806 773 695 811 651 511 433 733 224 823 496 391 630 760 498 771 758
567 678 505 320 178 191 225 377 784 658 822 215 423 117 264 399 562 378 289 788 572 829 468 217 373 294 442 542 297 389 643 309 416 227 263 466 804 739 748 481 268 326 681 582 299 427 691 232 843 411 584 478 312 272 236 181 480 522 841 462 702 441 415 611
159 802 321 790 171 474 221 437 781 676 369 509 339 115 228 188 529 692 580 451 313 580 620 427 521 324 552 295 484 472 347 125 158 123 321 587 222 297 442 486 326 617 712 379 747 441 803 362 784 707 321 351 398 614 146 512 395 805 885 665 841 721 281 529
393 252 456 336 553 790 206 886 433 722 319 612 704 295 545 729 219 312 399 682 725 364 727 267 813 638 797 346 847 393 674 434 115 485 265 363 763 442 781 245 880 600 801 528 667 449 580 550 495 214 628 393 398 790 469 222 504 515 875 204 562 176 542 191
881 314 831 687 251 877 794 729 821 826 586 372 352 489 237 301 601 349 245 181 406 402 496 184 672 337 652 200 418 471 280 486 241 625 386 823 864 303 848 423 875 816 309 488 196 307 260 355 183 230 515 689 419 593 414 331 524 345 697 186 642 632 855 794
516 301 861 784 407 565 706 293 891 254 377 382 311 743 726 712 476 314 428 272 578 787 757 686 540 290 506 356 459 549 301 666 560 507 547 638 761 841 408 821 493 483 420 484 394 555 530 599 521 782 190 628 281 272 565 598 371 504 379 442 676 763 708 406
488 309 712 179 551 227 450 318 297 533 702 556 520 770 731 696 558 744 380 189 534 492 342 420 506 299 642 582 639 215 766 352 611 412 465 362 575 324 384 813 426 623 482 545 448 647 785 316 217 679 629 821 204 359 678 664 714 839 330 375 297 686 461 251
557 577 664 368 556 634 433 313 420 767 581 318 442 425 516 484 463 697 342 376 859 459 880 514 733 466 456 862 216 896 408 787 693 293 280 340 496 480 671 434 172 764 197 721 154 636 234 615 177 457 284 426 254 724 548 750 649 411 447 556 686 556 803 668
243 518 703 769 361 333 508 413 499 364 829 768 869 741 832 296 896 250 904 460 929 841 555 765 436 441 311 570 477 915 644 549 188 658 146 784 190 540 183 527 349 826 615 764 437 284 112 209 333 498 315 172 762 668 904 780 703 709 655 518 701 446 602 879
856 242 802 362 577 802 320 682 590 846 379 851 347 426 498 295 674 686 655 437 895 329 746 693 705 388 467 574 269 880 495 417 744 279 562 855 713 616 425 211 577 667 719 553 629 743 147 817 242 787 216 183 739 239 915 871 738 745 332 594 700 665 742 828
653 546 838 742 790 387 349 316 705 812 301 707 463 415 620 253 788 652 337 658 632 387 739 312 235 455 600 513 514 823 803 192 844 318 500 856 502 788 381 488 522 239 346 582 783 805 513 271 442 621 348 671 594 393 397 546 854 742 887 369 765 650 290 187
369 819 245 266 808 597 816 473 802 747 617 840 572 485 693 817 789 741 356 328 553 655 790 391 185 495 352 671 606 371 846 319 427 814 427 751 659 506 201 228 438 660 381 308 588 214 468 350 803 407 646 710 403 312 317 407 658 693 464 647 818 413 375 115
179 722 454 592 451 420 626 426 789 396 423 382 374 409 218 531 387 369 245 353 741 531 598 243 606 454 690 198 325 728 636 363 379 424 640 348 598 266 785 543 526 754 593 278 228 716 821 243 857 503 668 443 541 185 702 443 883 508 756 277 398 305 422 605
764 433 595 469 783 485 554 777 230 210 366 306 462 499 669 569 860 562 740 789 560 390 582 505 270 230 791 333 623 570 597 522 360 578 796 299 857 772 554 480 823 604 700 545 298 303 171 342 418 272 779 203 556 151 408 633 808 288 789 741 368 763 583 833
915 206 771 289 646 510 607 803 275 302 343 400 503 571 847 233 965 736 838 842 861 586 611 553 630 648 515 684 852 241 395 643 524 312 729 795 708 272 471 557 772 363 580 474 586 162 124 429 178 607 462 263 622 697 794 528 398 709 191 851 216 438 511 487
257 429 567 733 394 601 862 195 701 259 788 704 401 437 458 681 874 694 504 525 492 499 840 366 673 507 806 790 646 373 454 809 655 750 591 663 498 354 756 322 408 396 730 299 246 517 569 677 787 331 470 459 301 765 213 371 309 407 403 476 403 690 757 630
648 608 845 409 715 293 875 493 438 160 846 576 616 539 504 704 369 741 625 568 787 271 303 728 749 770 481 824 445 366 739 707 349 462 563 269 329 233 547 651 679 272 543 307 226 544 436 227 418 679 246 854 473 262 597 336 584 677 555 461 227 583 670 699
191 543 400 552 681 507 867 631 859 250 551 524 856 816 384 471 153 757 359 551 627 248 778 463 893 455 900 717 860 373 874 822 662 475 744 570 776 414 443 207 370 759 419 609 115 581 205 227 821 847 624 931 415 748 394 386 695 284 301 431 737 667 740 250
260 572 523 716 721 317 828 542 873 521 511 234 728 649 706 281 814 229 499 275 734 713 459 482 441 809 688 504 656 839 759 421 701 147 609 196 259 415 754 572 603 373 263 761 416 323 828 527 908 639 833 865 640 532 652 326 231 555 591 679 440 704 165 377
486 484 685 659 734 723 875 308 821 729 760 641 687 876 643 728 695 161 666 442 328 407 315 606 592 824 576 484 495 752 757 263 313 278 756 783 620 783 447 813 514 831 623 860 273 790 459 833 514 293 409 318 451 629 388 410 515 177 788 461 196 559 247 357
810 625 498 783 462 747 724 421 629 403 850 696 547 556 888 307 781 392 766 602 561 246 337 554 470 447 825 420 611 630 616 402 778 583 537 382 436 324 586 415 404 243 300 699 751 819 629 693 619 596 361 290 401 253 302 765 472 571 460 492 766 365 510 802
457 699 246 891 616 832 312 614 602 440 276 851 661 757 936 438 802 212 529 786 606 354 357 458 302 427 839 576 836 481 512 328 413 414 314 188 622 697 472 381 528 311 185 511 578 304 875 363 365 727 775 323 277 502 497 490 698 632 399 772 662 498 376 888
281 560 400 476 503 790 847 776 879 398 855 826 730 579 776 506 274 361 453 654 536 618 694 726 351 456 724 701 543 399 550 430 203 388 490 543 600 429 713 522 702 551 203 528 661 209 911 406 613 399 404 477 569 154 449 210 853 409 776 203 543 232 218 359
355 532 839 353 822 270 346 260 740 846 703 712 615 717 680 633 282 352 678 733 696 915 438 757 790 778 600 477 714 198 536 200 790 574 595 466 334 726 652 220 328 156 267 701 413 219 811 168 880 260 448 666 542 551 595 230 742 552 583 733 730 244 271 829
