839 307 808 646 507 782 360 341 682 502 530 445 531 754 218 223 668 508 612 825 164 470 541 246 454 725 607 924 457 965 288 874 359 495 420 746 829 919 436 670 681 847 816 562 361 266 348 485 640 589 413 385 112 628 205 507 581 805 825 344 602 556 620 170
321 224 508 525 310 542 390 496 741 525 536 757 742 534 691 432 640 837 655 822 486 410 234 272 206 302 464 332 466 575 223 629 677 669 661 848 398 891 243 589 874 564 875 230 665 340 451 842 651 790 545 206 592 487 393 535 377 619 743 249 667 460 572 402
106 270 277 712 177 643 221 315 211 670 687 551 594 328 601 592 230 531 551 534 828 437 700 759 799 337 709 799 506 389 306 733 795 838 787 355 476 748 619 218 840 398 727 514 250 624 190 293 453 190 596 366 352 766 575 429 175 497 247 221 195 714 363 888
702 347 326 732 558 453 547 346 441 378 747 293 739 749 515 261 193 441 592 569 820 482 771 307 267 837 375 832 743 797 748 340 549 448 839 424 239 320 758 133 690 691 308 680 294 243 527 230 522 403 672 809 788 787 327 316 520 749 329 378 218 382 801 916
161 158 527 189 539 623 573 326 761 531 360 383 260 317 414 406 277 474 208 264 489 220 540 793 749 688 420 484 530 595 807 840 751 668 459 543 336 170 506 155 575 600 313 613 378 417 807 508 662 540 227 780 286 444 412 530 498 625 658 671 595 575 829 611
209 465 262 147 614 165 765 313 839 334 828 754 410 220 675 499 725 461 591 728 424 464 422 264 461 259 260 670 258 663 684 725 464 551 207 540 537 494 517 548 528 561 492 226 336 789 874 603 773 618 463 696 458 252 648 543 196 296 717 546 904 632 662 273
74 364 115 563 501 600 685 162 401 487 692 629 406 401 798 190 604 658 787 696 748 345 342 672 477 357 526 397 545 380 322 343 375 455 698 559 583 789 285 538 577 695 673 485 591 769 586 705 209 666 224 658 345 212 428 596 139 369 417 611 807 503 346 167
159 765 287 712 520 425 289 392 429 563 329 844 323 713 490 204 455 387 486 327 758 674 583 738 652 641 564 760 249 529 346 579 846 608 847 649 534 539 672 406 676 275 219 597 561 801 363 496 412 862 539 656 287 740 446 731 253 410 729 222 333 593 217 791
675 764 838 656 476 198 334 261 253 681 801 455 600 263 276 598 369 802 553 794 522 420 726 847 523 903 271 715 248 350 237 354 867 566 683 723 480 732 571 318 552 761 346 291 531 646 565 446 564 769 500 724 245 453 776 233 859 661 502 783 206 450 384 381
495 811 643 447 391 632 609 336 758 428 755 472 653 641 499 178 780 233 849 452 767 777 654 257 665 683 546 757 370 414 527 830 430 660 302 550 347 684 469 376 378 613 814 694 511 780 213 345 729 455 693 493 323 389 658 475 765 427 435 564 738 392 445 545
417 457 327 195 209 652 689 404 618 734 762 651 888 596 814 311 357 626 369 567 584 786 729 192 561 584 342 384 501 262 651 728 697 659 720 718 218 210 190 228 580 591 809 394 838 865 321 448 411 480 791 693 377 804 188 444 423 191 731 601 531 797 448 226
176 222 809 378 832 736 473 535 732 392 741 303 331 464 523 760 742 272 506 294 293 183 402 219 646 676 348 760 802 697 684 550 251 321 458 832 623 614 421 647 668 386 597 663 347 821 456 618 227 266 295 242 628 553 785 434 389 711 454 283 527 550 542 800
398 558 543 393 769 731 476 717 320 672 795 680 374 725 722 370 230 275 329 372 780 766 522 726 356 565 764 771 738 821 514 319 797 601 474 409 604 672 552 308 290 812 532 736 768 347 620 768 268 731 609 238 433 297 669 284 454 681 521 224 366 283 295 219
644 495 243 196 311 238 126 424 115 728 313 652 341 384 534 494 503 460 567 445 556 746 649 734 484 463 744 526 366 763 373 357 641 541 553 872 397 842 428 578 343 747 714 589 652 829 393 588 214 632 508 176 542 281 294 336 642 488 647 178 198 724 506 606
683 802 404 463 770 295 367 183 629 296 533 173 813 274 302 223 572 601 378 823 611 356 357 459 352 640 596 307 302 361 621 371 489 746 202 623 199 417 245 715 334 841 395 447 666 419 408 328 408 152 674 245 695 193 475 225 500 647 553 283 276 267 357 355
879 420 733 616 566 872 673 843 842 434 842 178 898 509 672 349 263 553 244 725 189 471 352 423 314 824 682 856 221 238 151 632 455 517 743 840 319 507 625 499 366 713 793 847 375 696 746 662 650 188 562 709 240 229 560 471 375 330 372 277 475 374 577 751
191 657 260 427 187 770 241 925 836 822 734 326 283 375 184 170 107 391 123 245 360 212 797 286 782 813 286 886 132 807 223 449 328 811 706 442 424 684 319 671 594 816 472 562 495 581 413 358 248 724 805 562 656 394 406 663 757 668 417 397 534 667 474 426
531 635 688 896 353 855 206 938 274 744 431 728 463 295 518 183 589 143 429 498 233 342 733 278 779 340 457 680 147 830 221 543 440 559 549 727 399 698 475 338 409 796 764 496 561 678 226 426 437 722 769 358 705 483 789 219 240 678 356 508 648 861 557 886
800 557 634 867 705 772 447 847 741 844 647 437 696 274 482 99 548 164 674 677 746 516 337 583 298 795 609 734 194 552 320 224 355 316 829 554 793 863 664 697 292 510 201 357 721 468 760 382 223 201 494 175 226 387 328 294 392 832 714 609 562 528 878 842
370 687 662 475 300 841 793 595 479 183 664 186 413 534 524 260 209 243 414 751 312 581 701 691 594 785 395 578 519 460 341 806 653 664 313 762 215 435 272 382 749 576 269 634 544 676 469 715 313 509 702 490 444 374 680 512 214 733 490 755 377 298 552 466
797 438 306 558 343 706 401 366 382 418 350 275 307 159 535 187 777 585 564 525 780 757 393 210 647 261 629 263 464 748 283 497 158 242 155 750 559 858 408 744 775 571 467 179 457 368 195 773 598 323 579 591 753 493 531 728 837 543 863 647 704 533 214 640
530 559 579 799 206 267 385 296 219 308 339 285 652 149 221 120 609 733 787 741 396 275 407 188 755 531 344 219 619 178 201 253 164 582 760 872 470 560 868 646 827 497 225 183 540 613 250 230 387 317 358 339 795 594 444 286 592 796 584 705 442 672 672 356
838 630 258 456 567 611 536 625 756 742 728 549 494 140 539 285 412 855 761 754 535 498 803 442 531 728 675 235 413 155 403 576 460 413 718 634 285 593 636 638 542 555 222 683 137 821 172 549 525 307 662 139 656 296 248 628 144 658 321 480 631 311 874 800
390 798 437 645 802 334 703 455 475 211 422 396 368 593 634 822 212 401 624 535 764 829 613 795 217 300 408 659 479 509 448 552 686 624 216 864 516 561 490 513 582 229 551 376 768 533 638 284 194 213 273 422 302 212 762 824 418 813 389 514 713 316 255 369
636 283 289 655 387 147 791 163 839 745 801 901 573 830 756 546 305 655 158 502 430 726 511 278 249 330 380 656 701 624 610 808 501 774 212 816 246 402 613 701 649 629 483 385 278 655 416 252 483 500 599 660 517 596 823 289 495 145 757 152 455 387 634 777
665 377 784 517 326 359 405 185 296 819 241 904 632 905 218 825 170 302 261 739 549 634 391 794 647 315 594 428 687 604 743 419 878 882 727 866 215 311 470 416 450 449 406 406 296 409 720 572 646 669 734 810 769 720 706 242 488 123 774 258 644 274 692 342
215 370 446 441 603 762 535 251 506 661 755 277 692 620 357 365 345 828 147 851 217 489 423 615 455 683 471 191 632 275 254 236 851 381 661 742 334 816 598 655 554 740 743 686 316 605 388 431 644 297 720 404 561 388 745 339 443 743 278 595 606 479 616 642
790 246 458 682 403 377 377 683 563 608 260 684 571 789 313 733 531 556 719 724 346 331 728 300 604 690 804 322 339 342 327 421 349 318 197 489 611 610 358 733 807 559 424 489 785 802 285 745 452 505 424 828 683 659 251 804 582 546 614 591 597 638 572 499
649 793 614 631 664 224 505 244 390 748 390 427 358 839 166 637 553 439 745 658 494 204 573 615 219 532 690 788 241 675 737 780 597 314 465 404 264 318 247 607 814 399 796 210 589 766 446 527 601 606 275 662 547 697 188 617 642 533 409 203 520 591 463 284
438 535 738 768 316 518 649 631 538 301 669 781 260 863 388 273 806 277 853 653 585 701 422 425 146 580 135 393 310 707 485 478 776 524 698 692 221 548 290 379 720 372 765 454 642 248 710 710 236 607 787 217 695 570 381 500 344 372 593 276 219 749 248 437
480 829 781 852 503 451 235 395 815 495 359 828 451 348 441 225 816 621 921 715 835 337 240 460 407 334 569 176 455 822 577 765 683 295 320 539 199 778 575 564 867 522 448 198 191 241 289 573 578 708 712 280 750 545 428 442 195 657 411 540 792 426 726 252
866 426 514 394 797 258 380 656 698 256 478 211 430 426 797 127 831 413 406 363 623 213 628 614 803 286 852 361 671 517 682 521 411 208 341 430 339 216 185 572 584 607 659 322 270 163 340 388 332 485 580 793 699 796 304 336 159 235 499 627 292 480 427 846
450 272 828 252 804 637 771 255 791 489 394 691 607 225 717 287 820 647 778 464 625 732 820 444 623 676 671 437 631 341 469 692 474 818 429 358 304 564 336 333 348 463 315 710 189 175 464 203 527 531 814 648 726 250 423 249 655 225 378 602 619 672 671 864
263 627 714 616 694 576 337 394 667 474 387 737 768 717 367 478 833 741 380 558 167 237 254 509 601 677 861 298 546 718 286 889 402 648 713 506 771 490 341 803 694 772 333 836 754 202 342 547 357 770 676 349 629 480 172 285 312 524 855 683 752 616 309 289
515 481 560 283 768 362 812 392 414 339 780 380 674 284 674 322 860 214 551 507 332 708 350 546 685 840 475 543 450 653 699 594 557 417 764 746 793 497 365 665 468 787 452 869 642 537 185 732 457 483 505 527 319 720 117 659 404 382 816 434 271 207 197 200
817 487 761 621 736 762 809 473 641 824 612 701 643 341 500 776 421 737 319 807 505 298 577 378 682 638 661 654 799 290 308 462 460 319 444 581 830 706 441 324 773 239 831 444 722 540 444 503 256 424 242 727 257 898 315 491 414 701 202 735 292 320 192 70
229 863 308 886 196 657 276 594 721 300 644 260 448 362 492 850 426 766 215 362 188 759 536 355 247 184 204 497 377 559 631 602 434 287 804 571 798 628 345 184 356 73 647 330 432 615 751 287 498 542 207 836 381 702 719 744 347 539 457 549 298 595 139 310
290 750 583 548 272 264 320 672 517 402 391 685 336 286 828 226 776 435 515 280 150 551 357 211 253 338 368 165 482 689 383 459 503 150 634 168 694 255 838 322 770 172 410 228 655 216 487 538 322 612 169 728 817 681 838 537 508 390 429 193 700 569 556 124
238 398 559 440 668 525 472 202 563 158 668 427 521 362 737 330 267 161 256 428 186 665 492 345 208 515 594 169 416 749 388 757 404 743 533 656 336 525 455 421 525 238 635 625 397 382 592 623 461 620 553 251 284 605 669 238 669 594 635 367 596 203 428 272
832 283 506 730 431 715 279 742 406 165 680 199 271 443 675 125 710 377 462 525 746 772 831 809 431 226 679 162 255 649 790 413 473 398 214 343 404 650 794 685 300 297 764 560 696 636 649 802 860 736 783 660 822 664 750 783 436 694 692 332 835 559 531 756
468 497 700 317 480 624 260 539 486 210 702 235 290 522 214 167 502 201 851 331 839 551 507 712 590 472 849 536 681 282 436 717 481 290 771 297 353 685 773 663 730 613 778 780 237 570 352 800 774 699 807 654 509 431 733 225 822 495 390 628 759 497 772 758
564 679 504 323 177 189 225 375 782 658 822 216 420 119 264 398 564 376 289 785 575 827 468 216 373 293 440 541 295 390 643 314 411 227 262 466 806 737 749 483 270 328 682 580 290 426 692 232 842 413 583 478 312 271 236 180 481 516 841 460 702 441 415 612
159 805 319 787 175 473 219 437 781 675 369 509 341 115 228 190 530 693 580 451 311 580 620 426 520 323 550 297 482 471 347 129 161 126 321 586 222 302 440 486 329 617 708 379 747 442 803 362 782 707 319 352 396 611 149 512 395 806 880 671 841 731 277 536
394 249 453 332 553 791 211 885 432 723 318 612 706 290 543 727 219 313 400 680 727 366 727 270 814 640 797 350 845 392 674 433 115 481 265 365 767 442 780 248 878 599 798 528 663 452 590 551 494 214 628 388 398 787 469 223 503 514 874 206 562 184 543 195
881 305 829 685 251 874 794 726 813 831 584 368 353 488 239 301 603 353 245 182 410 406 495 189 672 335 653 199 418 471 281 486 242 626 386 821 864 299 848 422 880 816 307 489 198 307 263 353 183 221 515 685 418 599 413 331 525 347 697 188 642 634 855 790
517 299 864 777 409 569 712 294 889 255 376 381 306 741 729 713 480 310 428 270 578 789 757 680 540 291 505 356 457 545 297 667 556 503 548 642 768 839 410 821 492 483 418 484 392 556 525 601 520 782 190 634 282 273 564 597 371 504 382 441 683 763 714 408
488 309 710 182 553 227 452 320 303 535 704 556 517 769 731 697 556 740 384 190 532 492 338 419 506 300 642 578 649 214 768 353 612 412 464 361 575 321 382 813 428 623 490 544 464 645 788 317 222 680 630 823 205 358 680 662 713 838 333 375 293 684 467 244
560 574 667 365 557 635 433 313 417 766 581 322 444 429 513 484 456 696 332 376 858 458 884 510 732 465 457 866 217 891 410 791 697 294 280 342 496 480 675 439 173 768 188 723 154 640 233 614 179 456 282 423 251 727 543 751 648 410 448 556 688 556 803 666
245 520 702 770 361 332 508 412 497 360 831 768 865 740 831 295 897 251 904 460 931 841 558 764 436 441 310 568 471 912 644 543 190 658 150 782 187 540 185 526 345 828 613 763 441 286 111 215 332 503 310 171 762 668 904 780 703 707 656 518 700 445 603 884
858 240 800 354 580 806 320 683 590 843 379 851 346 427 500 295 676 682 650 436 895 330 746 693 705 388 467 574 270 878 499 413 744 280 560 858 713 617 424 214 577 667 714 554 630 737 147 815 242 787 216 181 737 245 910 869 733 744 332 593 700 664 738 822
654 542 840 742 791 389 349 312 707 811 297 707 460 409 618 246 786 645 343 657 633 387 735 312 237 455 598 512 513 825 802 193 844 316 505 853 502 788 384 487 519 234 346 581 785 807 512 272 439 619 343 671 596 391 395 544 854 742 888 371 765 650 294 193
369 817 244 268 815 597 815 473 800 745 614 838 572 482 696 818 793 742 359 328 557 655 788 392 179 499 350 672 610 371 847 315 431 814 426 760 655 507 196 228 442 664 381 307 585 216 466 353 803 407 639 709 400 316 316 409 660 697 464 647 820 411 377 117
182 722 461 592 452 421 627 424 795 397 422 385 375 409 218 532 387 367 244 357 739 531 597 247 602 458 692 199 318 730 638 361 379 425 638 351 598 262 785 544 529 752 597 278 229 716 823 243 857 504 666 448 540 188 701 445 882 509 756 277 398 306 426 609
762 436 595 466 784 485 557 773 230 210 364 307 466 501 673 566 860 560 737 791 554 386 583 502 270 227 791 337 623 570 595 520 363 576 800 297 857 771 554 481 823 607 699 546 301 301 175 342 412 270 777 203 557 156 410 633 809 284 797 741 371 763 584 836
911 208 769 291 649 511 605 796 275 294 346 400 503 571 846 237 965 736 836 842 867 586 610 551 630 646 517 685 857 242 395 645 524 315 731 796 708 273 472 560 772 365 580 474 586 163 124 428 178 604 464 268 624 699 791 529 400 709 193 849 217 439 509 489
252 427 567 731 396 602 864 195 699 256 788 702 399 436 460 684 881 695 508 525 495 500 839 367 674 507 807 797 646 373 456 810 654 751 592 660 500 354 755 322 408 396 732 300 248 517 569 676 786 333 470 459 301 764 212 375 307 403 400 476 404 691 752 630
649 608 843 409 713 292 874 489 437 158 846 578 617 537 504 704 371 740 628 568 788 273 303 726 747 767 483 826 447 362 733 707 347 465 563 266 327 235 548 649 683 278 545 312 223 543 434 227 419 671 248 848 471 260 597 335 584 676 553 459 223 583 676 699
191 543 401 552 677 508 869 631 856 250 552 526 857 821 391 476 153 757 362 552 627 248 779 464 893 454 896 717 858 371 874 824 659 467 743 576 774 414 444 207 369 758 418 608 113 582 204 223 820 850 614 930 413 747 394 386 698 285 303 431 731 664 735 248
256 569 521 716 719 318 827 542 876 518 509 231 728 651 705 279 813 232 499 278 734 713 458 482 441 810 689 503 656 839 756 421 697 149 611 198 264 411 754 568 604 365 263 758 415 324 829 530 912 633 827 865 644 530 654 326 231 554 594 677 448 704 170 373
485 484 686 657 734 719 873 309 822 728 760 639 687 875 643 728 696 152 666 443 326 406 316 607 591 828 574 484 496 754 757 263 314 276 755 779 623 775 447 810 512 835 622 862 274 789 461 834 517 294 407 317 454 629 388 411 513 178 790 462 199 559 248 357
816 627 498 781 462 746 728 418 632 402 849 697 544 557 887 318 778 392 766 602 560 244 336 553 471 448 827 420 610 631 616 404 784 583 544 379 439 324 586 419 403 236 303 710 751 820 626 693 618 595 363 290 403 255 301 765 476 565 459 492 763 365 512 805
458 697 246 888 616 832 311 614 601 441 277 853 663 755 933 433 803 212 529 786 605 353 356 462 303 427 839 575 836 481 513 327 415 414 314 189 623 698 468 381 531 311 183 512 580 308 876 366 366 727 777 322 280 505 496 492 701 638 398 776 660 499 373 888
283 558 399 473 504 788 842 775 880 400 853 829 728 577 773 503 274 360 454 653 538 618 695 728 346 459 724 701 542 395 549 429 209 388 494 540 599 431 715 522 702 552 204 528 657 209 911 407 613 397 404 476 568 155 451 209 853 414 774 203 541 233 210 354
359 533 836 354 825 270 349 260 740 847 703 711 618 716 673 628 279 347 681 734 696 915 435 756 790 779 600 479 714 200 535 202 790 576 593 469 334 730 653 220 327 158 268 701 411 213 810 170 877 262 439 667 540 551 595 228 745 555 581 735 720 242 254 822
