132 348 566 182 712 284 782 22 340 456 86 430 278 676 588 470 316 362 734 328 712 1014 592 496 52 488 416 234 130 224 354 222 88 470 550 412 656 434 296 68 218 332 94 54 270 442 476 210 690 290 674 82 288 88 518 376 458 664 328 496 46 502 312 122
626 182 290 428 34 408 740 566 376 338 34 546 336 446 294 96 74 564 282 690 176 742 748 674 198 318 348 804 586 94 198 356 340 316 114 4 146 46 580 652 746 758 30 484 620 158 786 190 922 86 710 20 694 696 768 618 386 476 34 388 454 694 360 236
10 22 0 4 0 8 0 2 0 2 10 6 18 2 10 8 32 2 6 14 0 2 4 20 16 12 6 22 12 0 14 2 8 26 0 6 8 2 2 2 0 4 4 20 16 4 0 22 18 2 8 0 18 0 10 6 6 18 4 12 0 10 20 4
2 8 8 22 4 4 0 8 2 8 2 4 2 2 0 0 2 2 4 2 8 8 6 0 4 0 36 2 4 0 6 10 8 12 0 4 12 4 12 6 6 8 0 6 4 6 0 8 0 14 24 4 8 4 6 22 10 0 4 6 14 8 10 12
4 8 0 4 14 2 2 12 0 2 4 10 2 2 0 14 12 2 4 10 6 18 10 0 4 4 10 2 12 6 12 2 14 22 6 4 4 8 4 14 2 28 0 24 10 0 0 4 12 10 0 0 12 2 0 10 2 0 2 4 4 2 8 22
2 2 2 4 2 2 2 6 4 4 12 4 6 0 6 12 0 4 2 2 2 4 16 4 2 4 2 6 2 10 4 8 6 2 4 10 4 8 4 4 8 0 28 24 6 2 4 10 2 0 2 2 2 8 6 2 6 4 6 4 4 4 4 12
0 2 8 6 14 12 4 0 0 4 8 4 22 4 4 10 4 0 4 4 8 8 4 2 4 2 0 2 2 18 4 6 4 6 4 6 10 0 24 6 4 14 6 8 18 28 6 10 6 28 0 4 4 4 6 16 4 4 10 4 2 4 2 2
4 4 4 4 2 0 4 2 10 2 8 4 2 2 6 10 0 14 2 4 0 4 6 10 0 16 2 22 2 2 2 2 4 2 2 18 0 2 10 10 0 8 8 6 12 12 0 12 44 4 10 4 0 6 0 8 10 8 6 4 0 10 2 6
2 12 10 8 4 16 2 0 4 0 20 0 10 4 2 6 6 4 6 4 8 2 6 18 2 10 10 22 0 36 8 2 2 4 2 0 16 4 6 4 2 0 0 10 0 20 4 4 0 4 6 14 2 6 4 6 2 8 6 4 16 2 4 8
2 2 2 2 0 10 12 2 2 14 0 8 4 6 12 4 0 12 2 6 18 4 10 6 20 2 12 10 2 0 8 2 12 2 4 6 8 2 14 0 2 8 10 2 8 4 2 2 4 8 10 4 8 14 0 4 0 2 0 8 4 2 8 0
14 6 6 2 2 4 8 2 6 2 2 6 2 12 4 28 0 8 16 6 26 4 0 20 2 4 14 22 10 0 2 4 8 8 0 6 2 2 6 8 0 0 22 2 16 18 2 4 4 10 4 38 0 10 0 2 20 4 4 6 24 0 8 2
22 4 0 0 2 8 4 0 0 18 2 6 2 8 0 16 6 6 4 10 4 2 4 6 4 4 2 8 16 4 2 6 0 2 2 2 2 6 14 4 6 0 26 18 16 12 8 2 10 8 0 12 0 10 4 6 10 0 0 2 2 0 0 2
2 2 4 12 6 6 20 2 10 2 6 8 0 4 2 2 0 8 6 6 4 0 2 10 2 10 18 2 12 4 2 4 14 0 6 0 4 4 10 2 10 4 0 2 8 6 2 12 6 2 0 4 0 2 6 2 10 0 6 14 32 4 16 16
2 20 4 2 2 16 2 6 8 18 8 6 32 4 2 8 22 10 2 0 2 2 0 12 8 14 6 24 10 10 12 10 8 16 2 2 8 0 4 0 2 14 6 14 6 4 18 0 6 0 4 14 12 8 4 12 12 24 6 2 8 4 2 6
2 4 6 12 28 0 2 4 6 32 4 38 32 36 4 0 4 0 20 6 14 8 4 14 6 2 0 2 2 14 6 0 24 12 0 4 0 4 8 4 2 12 2 32 14 4 4 4 14 6 2 8 14 4 14 10 4 12 0 4 4 4 4 10
0 2 6 14 2 6 2 4 4 0 10 4 6 8 10 4 2 2 10 0 4 18 10 10 2 0 4 2 8 6 4 10 14 6 16 0 4 14 4 10 0 6 6 4 6 14 6 6 4 6 0 2 6 0 8 0 0 14 12 8 6 2 18 2
4 18 16 8 0 10 24 8 26 10 4 4 22 22 6 10 12 2 6 6 2 4 6 12 6 14 4 2 6 8 2 4 4 8 8 4 10 4 22 4 8 2 0 6 4 8 8 0 2 2 2 8 14 0 0 6 4 2 4 0 2 2 2 2
6 4 0 14 2 2 18 0 0 2 2 14 2 42 8 48 0 16 4 0 4 14 12 16 12 14 8 10 6 4 4 4 6 8 0 6 2 26 2 8 6 6 8 2 0 0 4 4 0 4 4 4 8 6 6 8 6 40 4 2 0 2 2 10
4 30 4 6 6 8 12 4 6 8 2 2 0 0 0 18 4 2 4 10 14 6 36 12 24 4 4 0 2 4 8 2 0 0 0 0 0 12 6 8 2 8 8 2 6 4 4 4 2 6 8 2 2 10 2 8 0 12 0 0 0 0 4 14
4 26 4 4 12 0 8 0 2 6 4 20 8 6 2 20 0 12 2 12 4 10 4 4 2 0 14 2 12 4 2 4 8 6 0 4 0 0 10 2 14 6 0 2 4 0 10 8 16 4 2 8 4 8 2 4 8 10 4 10 12 6 2 2
2 0 2 2 6 0 14 8 6 8 10 14 2 0 4 8 2 6 18 4 6 2 2 2 4 4 18 6 10 4 18 8 6 26 14 8 10 4 12 4 6 4 8 0 8 2 20 4 0 0 4 12 6 4 2 12 6 6 6 30 10 20 18 10
2 2 10 12 12 0 36 20 6 8 12 8 0 16 6 8 2 2 18 14 6 2 4 12 12 4 8 6 2 0 4 0 4 4 8 4 8 6 2 8 8 2 26 18 22 14 0 6 12 0 2 26 8 20 4 4 0 2 2 22 4 14 2 24
18 0 12 2 8 8 6 20 6 4 6 14 28 28 0 20 6 8 4 8 8 2 4 10 4 4 4 2 0 8 2 8 8 2 2 8 2 2 4 0 2 2 6 2 6 22 2 12 0 2 4 8 4 8 0 2 0 8 4 4 2 0 2 10
4 18 6 4 12 0 0 24 0 4 0 8 4 4 2 16 4 36 2 0 2 4 2 12 4 2 0 14 10 2 2 8 4 0 0 10 8 2 12 12 16 6 2 8 0 2 6 2 4 0 0 0 2 6 4 12 12 0 4 6 6 0 2 4
10 6 4 4 2 6 18 10 8 10 2 14 6 32 6 0 14 10 2 28 4 14 4 12 2 20 8 2 2 2 12 2 14 4 8 8 14 4 0 2 0 0 6 4 4 6 4 6 6 6 2 4 2 4 4 4 4 18 2 4 12 4 8 4
0 18 4 4 12 4 2 6 2 0 6 4 10 6 4 8 0 12 14 8 0 2 0 8 2 12 0 4 4 6 14 8 2 2 16 2 0 0 10 2 0 8 2 4 0 6 4 2 8 12 2 8 10 2 4 2 2 10 2 6 14 2 14 2
4 4 4 12 2 6 2 12 4 0 2 8 14 0 18 6 8 8 2 2 6 0 6 2 6 4 18 4 4 0 2 8 14 4 8 10 2 12 6 8 0 2 2 12 2 18 4 10 10 8 12 2 4 2 2 4 0 4 0 6 2 4 4 6
4 16 2 6 20 4 2 4 0 6 2 4 12 4 6 14 4 8 2 0 14 0 0 0 4 6 2 8 4 4 6 8 2 4 4 8 0 6 12 4 8 10 6 10 0 18 0 4 2 0 2 12 14 0 0 10 6 2 4 6 2 2 0 2
0 14 18 10 30 6 4 4 6 2 2 2 2 8 4 14 2 2 4 0 2 2 2 0 4 2 0 12 4 0 4 4 32 2 8 22 12 8 8 14 4 18 4 2 6 8 2 12 2 18 4 0 0 6 8 4 6 14 2 0 18 16 6 2
4 2 4 10 0 14 0 8 10 14 18 12 14 28 6 14 14 8 8 16 10 8 4 2 2 18 4 16 2 8 4 6 2 4 8 0 2 6 4 4 2 4 4 8 0 8 8 10 4 4 4 10 2 0 2 6 24 12 0 2 4 8 8 14
2 8 6 4 4 0 2 10 18 6 2 6 6 4 6 4 2 2 22 16 2 20 6 14 0 12 0 18 2 6 4 2 30 14 10 16 2 0 0 4 0 0 4 6 2 2 2 8 4 8 2 12 4 10 0 4 6 6 2 2 4 10 0 12
6 4 0 4 0 0 10 8 8 2 6 16 6 10 2 0 16 14 20 18 0 6 20 0 2 10 2 10 2 0 6 6 12 2 8 30 20 10 10 0 0 8 12 2 6 14 2 14 0 2 10 6 12 0 14 6 10 6 0 2 4 6 24 16
12 6 0 0 2 10 2 12 4 4 12 2 0 2 6 4 10 8 8 2 0 8 14 4 12 4 0 0 4 4 4 4 2 2 0 4 14 0 16 10 12 2 2 4 18 0 0 4 0 8 0 12 4 4 0 8 2 2 2 4 0 0 16 4
8 0 2 18 2 10 16 4 6 8 8 14 0 0 10 2 4 2 4 6 4 8 0 2 20 0 2 2 4 0 2 12 4 12 6 6 8 0 0 2 2 2 8 4 4 4 0 2 0 0 8 4 14 0 6 2 4 6 2 8 6 4 8 2
10 0 0 8 2 0 2 0 0 2 4 0 14 4 2 2 10 2 2 16 28 4 0 4 8 2 14 4 2 0 4 2 12 0 0 0 6 4 26 18 10 0 0 10 0 0 4 4 0 4 18 16 4 6 0 4 10 2 2 4 8 2 4 10
30 4 2 0 0 4 6 12 4 0 4 32 18 10 12 18 0 14 22 2 10 4 12 0 4 0 6 0 0 6 4 2 0 0 4 0 16 2 6 16 4 10 2 6 4 0 0 2 6 0 6 0 2 0 0 8 0 4 14 2 0 0 8 6
0 6 2 4 2 0 4 16 4 4 4 18 10 0 2 30 6 4 12 4 2 2 4 2 4 2 8 8 8 0 8 6 2 8 18 12 8 2 12 8 2 14 2 8 0 4 2 8 2 8 4 2 6 10 6 4 6 4 2 4 2 4 8 0
0 18 4 4 2 14 2 2 4 14 0 8 10 16 14 0 12 2 10 2 2 8 4 0 0 8 8 6 6 2 6 0 18 0 6 8 6 12 4 8 2 6 0 0 0 6 8 6 4 4 10 2 0 2 4 2 12 0 6 6 6 2 44 0
4 2 6 4 4 4 2 14 4 8 4 0 10 0 4 0 4 2 4 4 2 0 0 0 2 2 2 0 2 4 6 2 6 0 12 16 0 6 2 2 6 12 4 18 4 8 14 6 4 4 6 0 6 0 4 14 4 4 0 6 2 4 8 4
6 4 8 0 2 8 2 18 4 0 0 2 2 4 6 4 2 4 8 0 0 10 0 4 4 2 2 2 4 18 10 0 6 10 8 2 0 4 8 4 0 16 2 10 0 12 0 0 4 2 10 4 12 0 2 0 12 16 6 14 2 0 34 12
8 18 2 0 2 4 10 10 4 4 4 6 4 0 2 2 8 10 4 2 6 14 2 2 14 0 2 10 6 0 4 0 8 4 4 2 4 2 8 0 2 4 10 0 12 10 8 2 0 10 4 14 4 10 0 4 10 28 8 26 20 2 22 6
4 4 6 2 10 4 4 8 6 8 4 6 12 6 2 0 18 2 6 6 2 16 6 14 0 0 4 10 6 6 2 0 4 14 4 0 16 4 8 2 2 18 4 2 2 0 0 8 2 2 6 2 18 2 2 14 6 0 12 4 20 12 20 0
12 4 16 0 0 4 8 16 0 6 10 18 4 12 20 0 2 2 0 8 6 6 4 8 6 12 2 0 2 2 0 0 8 2 14 6 2 4 0 4 6 0 10 10 2 10 4 6 0 2 12 4 2 2 6 6 0 24 2 14 2 0 6 6
14 14 12 6 0 8 16 14 0 4 4 0 28 14 6 4 6 0 2 2 8 14 0 2 4 6 2 22 0 8 0 10 2 4 2 4 8 2 2 18 0 2 8 10 2 0 4 2 2 0 4 4 0 0 12 4 0 8 6 2 4 0 4 2
18 2 2 4 0 6 4 0 8 4 4 2 12 2 12 4 4 10 0 4 4 2 4 8 12 6 6 0 0 2 6 4 2 14 6 6 2 6 2 2 2 12 2 8 0 0 2 4 2 4 6 10 4 4 2 4 2 0 0 16 2 14 6 2
4 6 10 14 6 2 10 10 14 4 12 10 4 2 4 8 4 14 6 12 6 2 12 2 2 4 4 2 0 26 2 8 2 2 12 8 6 0 16 14 6 2 6 2 10 2 6 4 2 18 2 8 8 2 20 2 2 0 6 2 0 6 0 28
12 2 0 2 4 4 4 4 26 14 12 2 6 8 4 2 2 4 2 10 8 0 10 0 4 0 6 2 6 14 4 8 0 12 20 0 4 6 0 6 0 6 20 2 10 2 4 10 10 2 20 6 2 10 16 8 22 10 0 4 6 4 4 6
4 4 0 8 8 4 0 4 2 0 4 0 4 12 4 0 2 12 8 0 6 8 0 4 0 6 0 18 2 18 0 8 0 8 8 0 0 0 12 12 2 14 6 0 8 12 10 2 4 2 0 2 8 6 12 6 0 6 10 6 4 2 20 26
2 4 0 0 0 10 2 0 2 0 2 2 0 0 0 6 0 4 0 20 6 6 2 0 6 2 18 0 22 10 0 6 26 8 6 2 2 2 8 6 6 8 0 20 4 2 2 0 8 2 2 4 6 2 4 2 12 4 8 2 12 4 12 0
0 8 0 0 16 0 4 14 2 12 4 0 16 2 4 4 2 14 6 8 18 4 0 6 6 10 6 2 20 8 4 6 22 6 4 0 2 0 4 2 4 10 4 10 8 10 2 10 0 6 4 2 14 4 16 4 14 2 6 6 10 0 4 2
2 0 8 0 10 2 4 4 12 6 8 12 2 8 2 2 2 4 0 20 14 6 16 2 6 6 6 10 4 6 2 6 2 4 8 4 8 2 0 6 0 18 2 18 4 4 4 2 12 2 10 24 4 18 4 46 6 28 2 24 16 0 22 6
4 2 10 2 2 6 4 4 14 4 2 10 0 0 10 4 2 2 4 12 6 0 6 2 4 2 8 6 6 10 6 2 10 0 4 2 0 6 4 0 2 16 6 4 0 10 6 4 4 2 4 4 18 0 6 2 12 10 10 4 8 10 4 8
4 2 6 8 38 4 18 12 6 4 0 10 2 2 4 8 4 28 14 16 2 0 2 4 2 30 6 2 16 0 4 14 10 16 6 10 2 4 4 2 4 2 0 4 4 2 2 4 0 16 30 4 8 16 6 2 14 12 0 0 10 10 16 18
0 0 6 0 6 0 10 10 4 8 8 8 4 14 6 14 26 20 8 28 18 14 0 2 2 0 8 2 2 0 8 14 0 2 8 6 4 0 6 20 0 16 10 2 8 2 4 0 0 8 14 0 18 12 18 6 4 4 2 10 2 4 10 2
44 4 4 8 0 16 8 0 6 6 8 4 2 16 8 2 4 6 0 10 2 22 16 4 2 2 2 4 6 4 14 12 2 8 2 0 2 0 14 8 16 2 0 0 4 2 4 12 2 14 4 22 8 8 0 14 20 6 4 4 2 10 0 4
2 2 6 4 0 6 8 4 18 18 6 2 2 6 18 4 6 0 2 2 0 4 4 4 0 4 0 12 0 0 0 4 12 2 6 4 8 0 18 8 2 2 2 2 8 2 10 6 4 16 4 2 2 32 8 6 20 24 30 8 8 4 2 4
18 4 18 8 2 8 12 4 16 4 2 16 16 12 8 4 2 8 8 18 16 8 2 2 2 12 2 2 2 14 12 8 6 4 8 2 4 4 4 10 10 16 4 16 12 12 2 2 2 2 2 2 2 4 2 4 10 10 2 8 8 46 14 0
2 8 10 12 0 2 4 0 6 0 4 8 0 8 10 10 16 2 18 0 8 2 10 2 2 8 6 4 4 2 24 4 0 2 2 2 4 2 6 10 14 6 8 4 0 20 16 12 6 8 2 0 4 2 0 6 8 2 2 6 2 8 2 8
0 6 6 0 2 0 0 0 2 4 2 4 4 6 6 2 2 2 2 0 0 0 2 0 2 14 8 8 2 2 4 0 12 2 4 6 0 8 0 2 2 0 0 2 0 0 2 12 2 4 2 18 14 0 2 0 2 8 12 4 10 8 18 2
2 8 4 2 2 4 2 8 24 8 0 12 4 20 4 8 2 12 2 2 8 6 2 2 0 12 14 16 4 2 14 2 16 2 6 18 2 0 4 4 4 2 8 18 2 0 6 2 2 8 10 10 6 8 4 14 12 8 10 4 8 0 16 8
10 14 4 2 2 0 8 4 0 0 0 8 4 6 10 10 6 4 14 2 10 12 2 0 0 2 2 4 4 2 6 4 0 6 0 0 2 2 4 14 0 2 8 0 2 0 2 8 2 8 2 4 0 2 6 2 12 2 30 14 12 28 26 16
6 6 6 2 2 8 4 2 0 8 4 4 2 2 2 8 10 6 12 6 0 4 16 2 6 12 0 0 6 2 6 2 6 10 4 8 24 0 22 6 2 4 6 2 26 6 8 2 6 4 2 0 0 6 0 6 18 4 2 2 16 4 10 0
0 4 10 4 16 14 6 0 28 0 2 0 6 2 20 6 4 0 4 0 6 8 10 4 6 8 6 4 4 0 4 0 12 12 0 2 4 2 0 6 6 2 2 10 4 2 20 2 16 14 8 2 12 8 2 12 0 18 2 16 4 4 14 16
10 14 4 10 0 6 10 2 2 10 6 6 0 2 0 10 6 12 8 2 26 2 6 0 8 4 4 0 0 4 0 0 2 2 8 4 24 10 2 2 10 4 4 6 4 0 6 4 12 4 8 6 4 6 24 4 0 22 2 20 4 6 10 4
