496 337 897 688 85 696 905 462 120 125 280 632 129 52 624 907 143 870 11 866 1019 9 981 994 523 1002 173 599 481 846 257 785 599 804 933 157 204 49 802 271 757 212 738 561 813 870 352 765 1003 442 165 556 756 642 217 787 920 125 462 796 754 190 860 588
972 509 424 877 411 777 16 173 83 552 342 49 504 109 182 483 379 886 243 221 702 143 1006 970 420 450 242 121 785 600 624 335 800 326 704 438 612 428 227 833 107 908 585 264 243 465 1020 688 101 552 985 581 1000 993 127 235 850 282 645 777 993 916 868 423
552 718 847 428 216 783 118 529 618 66 428 379 332 643 359 524 592 349 486 428 342 425 572 521 670 302 520 654 440 851 684 240 712 748 356 395 670 365 291 569 647 587 311 351 872 887 623 176 715 403 536 1023 534 510 629 395 729 366 529 603 396 830 968 545
752 690 129 346 715 375 593 534 201 720 500 521 370 468 242 233 226 590 789 723 388 528 356 734 213 467 504 660 762 183 224 519 654 524 521 238 506 559 742 722 248 426 842 703 418 573 461 531 517 532 691 486 695 355 774 982 699 387 283 894 906 431 482 315
452 400 629 668 164 309 759 944 443 384 579 134 745 525 468 678 220 428 278 722 542 643 606 396 474 402 421 340 397 693 353 725 437 284 822 889 553 265 673 886 607 241 313 601 573 155 948 516 536 736 371 430 733 559 449 775 276 485 760 753 682 247 276 800
486 449 240 373 663 673 511 434 654 515 293 641 342 778 611 288 909 269 304 595 695 56 166 737 241 641 842 410 332 208 736 443 530 699 716 480 351 800 394 304 540 623 910 285 293 239 731 669 845 606 537 371 606 368 650 558 173 837 576 396 856 896 544 280
293 629 724 369 675 935 204 506 860 480 286 380 686 792 801 415 169 553 521 465 272 587 547 349 736 687 527 510 562 459 783 690 549 52 464 380 505 771 752 279 552 411 633 646 322 718 645 492 453 246 662 702 487 943 415 394 966 385 189 337 204 456 287 613
610 132 82 664 168 406 692 709 210 691 608 387 294 773 223 660 721 343 629 864 478 336 645 248 510 266 570 636 461 246 500 763 947 752 755 591 429 572 228 492 716 601 602 563 388 662 581 413 544 468 303 244 600 283 408 863 604 724 791 644 521 198 432 456
306 738 646 320 313 433 720 598 635 425 588 573 783 376 542 708 363 635 742 656 226 528 657 463 434 617 277 616 803 306 636 279 461 329 605 509 657 445 363 677 317 340 482 559 823 559 205 587 808 224 753 467 280 771 624 574 2 254 809 620 492 644 196 330
285 489 560 677 706 721 164 549 866 857 442 530 476 657 430 814 672 244 201 134 655 577 253 545 709 525 325 559 370 456 876 484 374 496 451 357 838 655 804 681 448 253 243 313 853 399 99 540 349 444 575 729 673 134 331 643 838 248 436 522 477 202 308 479
537 603 559 260 362 623 105 406 343 553 692 362 301 296 659 525 654 259 252 412 192 666 692 389 652 239 206 681 910 171 462 971 750 711 638 440 323 307 654 759 738 701 629 561 161 244 858 483 469 620 269 550 359 544 560 497 409 659 520 181 642 749 834 297
291 431 0 671 698 316 800 716 135 709 897 542 334 617 501 797 864 444 393 767 303 552 778 35 577 443 284 347 491 997 882 161 316 458 559 816 542 497 516 39 617 728 498 513 264 546 867 256 634 593 504 83 878 849 415 172 419 629 882 532 450 460 428 435
445 348 614 646 463 445 206 658 832 482 463 235 385 643 474 188 674 786 663 375 50 259 774 775 218 510 665 401 340 363 265 641 671 618 456 681 804 232 508 355 496 601 452 304 669 414 453 768 286 455 882 633 455 256 396 443 934 662 446 397 672 533 527 540
683 209 297 1006 693 354 678 352 136 623 603 856 312 672 252 217 293 482 463 338 645 292 79 835 778 458 524 433 283 519 984 290 632 676 447 263 682 556 524 354 476 455 867 529 419 644 571 53 483 569 595 646 216 379 889 888 770 605 293 761 920 96 486 706
381 683 326 823 495 657 531 571 339 386 594 990 626 476 345 577 396 557 555 401 620 667 483 675 147 665 468 746 847 697 499 96 652 619 310 602 1023 360 598 537 695 414 620 377 507 284 686 491 357 792 681 318 387 603 513 646 323 300 562 684 760 263 158 537
683 432 562 474 362 696 117 542 626 511 406 445 607 438 164 637 685 818 241 799 206 294 567 181 451 222 684 574 86 535 327 677 875 549 405 388 429 263 548 257 647 493 823 242 685 805 324 601 698 492 379 563 716 485 534 710 549 556 477 409 281 844 438 276
578 865 522 228 847 474 750 788 240 617 486 460 330 512 594 427 281 318 140 777 637 428 194 409 514 284 366 351 699 416 524 450 633 610 691 137 274 757 536 532 664 611 0 694 483 281 702 441 134 564 512 583 433 1023 483 535 160 418 982 679 701 249 234 415
605 869 593 345 536 378 387 491 434 880 309 439 105 927 401 281 542 549 498 472 550 332 411 663 730 675 339 570 403 514 439 243 377 203 866 692 190 756 557 525 611 461 330 339 177 778 447 503 521 938 347 420 281 413 732 421 821 544 498 577 210 452 843 598
854 418 423 816 425 691 422 490 533 376 479 618 687 715 593 693 427 667 127 314 571 697 573 623 606 603 500 510 773 351 467 530 351 662 500 200 509 420 702 322 466 602 432 847 704 421 661 458 217 459 664 439 381 905 567 602 317 825 357 537 935 314 226 447
371 435 462 647 844 419 394 321 810 841 451 712 226 253 697 178 209 777 756 378 243 638 468 212 255 153 562 615 842 348 353 647 544 239 536 820 619 437 156 912 605 279 577 527 221 796 404 678 619 578 710 896 358 193 897 772 309 362 718 361 194 853 841 452
364 1023 863 333 529 796 780 282 191 391 557 366 611 703 423 397 428 391 621 482 549 309 336 611 413 603 410 342 394 560 279 672 716 664 711 327 215 711 465 680 347 601 233 444 333 628 926 630 366 408 283 441 548 731 590 339 727 554 799 670 706 771 591 411
599 305 599 947 519 531 320 808 259 698 771 99 405 731 398 448 646 550 335 838 351 811 538 477 781 204 834 650 420 435 798 488 401 269 594 388 318 530 553 180 732 502 486 351 402 772 764 407 290 406 829 877 779 431 266 661 614 502 636 390 456 599 680 570
552 461 142 542 607 295 247 705 475 474 447 652 912 749 309 426 551 356 262 670 979 661 443 481 677 926 352 451 336 232 822 634 530 292 234 531 396 431 563 635 353 766 732 777 416 203 479 592 684 590 395 551 622 910 476 230 639 848 360 490 860 808 565 730
510 267 399 780 692 402 492 405 373 131 794 530 310 457 422 494 670 472 621 524 400 474 786 398 460 657 314 415 832 891 240 571 334 702 349 597 632 730 587 504 73 393 678 615 694 428 166 652 610 766 691 272 171 786 574 370 376 591 824 884 528 455 691 402
158 586 701 391 333 526 756 834 777 415 390 595 587 556 914 432 254 687 913 249 221 599 611 554 736 498 618 388 455 392 557 554 398 217 596 657 24 221 558 430 608 297 430 310 566 467 338 715 449 341 178 159 587 843 651 520 749 127 737 823 271 444 455 586
486 732 216 507 616 382 257 442 457 542 726 405 380 46 759 494 248 580 422 637 486 382 589 421 504 839 508 520 701 277 326 792 773 772 684 416 643 405 577 862 168 457 482 766 529 392 512 262 675 595 643 329 505 651 400 526 227 501 393 260 904 563 695 687
521 341 453 614 378 336 698 815 509 460 383 165 381 630 624 660 542 164 725 63 618 621 334 642 661 496 352 592 760 612 366 409 861 473 208 524 792 628 76 542 556 412 750 525 476 679 361 821 554 253 692 731 348 374 353 824 590 441 582 898 321 717 692 301
155 697 659 450 279 193 520 569 914 806 747 705 322 387 733 476 713 847 269 0 525 623 253 323 744 492 556 637 759 386 570 470 208 727 389 775 223 328 943 929 392 436 402 467 779 514 441 237 154 827 353 500 614 598 516 812 664 315 103 345 781 512 347 625
589 204 629 640 858 294 416 473 345 657 514 54 609 177 605 811 250 348 332 739 568 241 314 774 595 183 788 494 74 543 580 500 340 691 831 833 558 385 287 243 389 949 603 767 832 655 196 900 720 426 618 522 508 603 448 429 542 528 480 480 346 645 455 434
352 298 514 647 423 102 296 620 354 306 799 622 412 124 11 703 492 209 910 659 199 381 710 568 256 651 492 350 336 749 666 617 560 120 614 691 892 289 396 874 408 434 656 504 211 626 654 509 832 501 184 518 641 503 440 850 618 693 602 118 453 525 134 498
586 719 383 406 416 466 731 169 370 633 598 579 633 588 137 540 623 581 583 417 472 360 689 679 508 510 593 294 611 557 188 783 915 227 509 415 310 331 587 751 614 643 691 516 342 304 408 515 577 578 287 320 647 739 461 333 174 438 267 573 598 469 554 434
593 284 894 808 411 367 605 399 541 690 335 166 404 419 603 578 617 596 224 347 306 503 565 570 570 314 297 493 615 439 476 366 262 588 682 715 412 486 654 248 492 750 628 456 696 479 378 728 370 546 688 687 433 536 480 561 142 442 743 353 471 543 334 500
252 577 832 547 432 622 685 142 40 660 270 186 274 428 602 662 360 132 656 784 405 829 352 324 632 917 650 394 605 738 569 626 629 324 366 586 501 457 377 469 660 584 371 249 740 673 738 656 210 522 666 667 679 394 561 469 414 741 418 437 436 841 169 222
726 410 305 551 270 679 215 775 679 308 347 234 552 499 139 213 426 788 470 495 733 600 479 664 426 314 547 660 445 393 315 411 333 359 1017 642 597 593 718 542 326 145 455 661 298 559 555 201 688 645 477 159 351 711 650 716 497 371 356 499 576 239 136 618
674 593 580 364 354 148 630 483 564 560 89 638 647 645 434 422 330 325 944 637 376 133 651 462 931 502 102 652 561 637 925 812 560 214 273 563 872 215 718 441 645 560 449 125 632 333 852 816 511 235 316 319 282 838 456 324 600 565 278 832 436 414 632 636
286 1000 868 225 603 791 444 314 424 602 612 260 464 367 291 605 639 730 426 20 542 410 492 863 627 219 402 514 699 810 446 366 655 210 707 558 267 484 255 420 978 626 1014 627 235 300 384 596 599 554 903 212 503 636 358 451 444 715 376 805 214 185 289 433
615 691 452 1000 709 234 207 671 282 303 338 251 594 300 330 340 791 283 530 352 545 777 713 691 292 276 732 147 881 495 303 474 344 839 505 399 713 601 398 224 368 90 374 340 826 247 556 572 774 753 561 242 463 888 816 375 461 267 548 300 522 688 297 229
830 776 507 377 411 627 864 266 325 886 274 616 686 505 275 727 328 438 985 309 569 845 343 473 1023 522 568 853 472 323 399 583 568 391 704 194 451 618 500 554 827 327 599 646 668 661 273 46 760 530 675 444 339 679 219 323 821 657 692 762 191 96 510 499
781 1023 522 472 992 374 316 1001 595 432 758 351 491 301 799 758 470 671 295 381 628 490 1023 332 526 420 530 914 483 140 843 697 629 428 673 450 603 483 534 311 389 737 676 530 383 252 594 854 477 108 338 868 566 363 422 676 855 511 207 174 807 711 203 315
477 490 996 558 582 571 497 730 394 541 775 480 404 687 296 498 436 272 763 860 612 290 454 480 733 685 807 33 366 696 657 582 146 646 318 346 681 765 592 595 224 480 686 218 612 373 742 571 535 642 419 347 768 480 633 466 747 708 287 761 412 0 252 451
628 1004 802 933 172 343 831 782 337 828 480 582 378 301 777 606 649 733 888 352 573 410 516 861 561 309 415 621 787 531 447 559 501 423 438 324 574 614 185 669 864 221 259 564 668 894 161 259 721 492 724 227 397 824 759 384 181 253 459 366 639 752 312 309
927 460 288 439 474 629 581 822 486 267 516 513 749 566 410 351 622 682 369 509 605 297 523 99 906 858 250 144 786 548 264 471 652 614 475 287 614 592 448 594 237 828 708 538 533 339 610 513 458 574 495 528 133 451 552 661 792 274 459 392 762 483 832 399
392 443 430 740 1023 548 199 547 567 711 253 901 851 169 469 650 235 152 736 547 955 484 320 780 287 539 811 33 615 419 337 569 147 476 542 743 539 411 375 420 560 187 316 621 584 685 538 126 208 328 264 466 668 609 784 305 398 389 528 687 477 518 148 597
384 803 973 859 478 530 909 367 501 494 515 245 412 951 521 340 475 607 456 82 635 732 610 293 349 96 757 728 226 501 559 47 707 551 339 620 520 761 810 217 505 693 337 298 588 481 394 187 488 424 643 646 306 0 492 653 433 580 109 545 722 917 583 298
794 725 190 252 550 673 453 985 524 477 478 399 746 366 884 768 696 270 695 619 821 511 435 122 507 728 683 582 717 455 222 603 612 493 536 554 480 191 711 565 565 678 347 586 646 228 372 654 474 163 437 394 674 707 393 661 281 468 877 231 468 318 664 539
591 393 268 585 584 656 457 858 393 346 621 424 484 602 514 564 433 393 720 466 441 643 636 292 566 242 690 691 339 471 652 289 379 362 787 555 725 527 419 488 539 371 432 183 482 468 445 513 217 599 645 293 676 511 442 157 360 408 640 704 443 568 343 480
160 440 702 595 538 301 713 353 684 443 494 923 630 466 605 482 649 334 310 485 694 319 462 790 556 617 341 281 626 771 691 85 247 592 884 452 224 485 815 325 690 521 537 314 667 663 563 169 358 182 248 879 245 240 238 264 804 781 518 532 595 259 358 548
537 76 201 690 463 292 157 587 271 600 774 488 401 728 265 231 299 794 908 220 488 810 524 533 685 323 432 306 641 269 478 479 773 765 494 714 449 101 549 466 678 600 381 216 507 623 499 486 539 419 650 522 532 840 431 549 904 203 338 310 354 577 484 365
275 848 624 247 499 631 511 754 242 578 669 135 450 599 527 192 618 827 106 526 709 353 718 712 160 339 626 513 329 588 631 759 326 349 507 397 407 587 856 479 377 526 148 694 599 130 410 641 256 503 538 655 480 244 551 696 449 422 549 486 649 373 463 379
473 484 318 415 178 552 566 387 550 265 627 763 529 508 817 529 299 518 297 210 524 731 650 417 498 191 675 740 261 724 659 405 898 499 445 231 373 636 545 234 729 581 615 590 123 481 352 298 661 544 224 773 657 259 409 516 526 779 934 383 465 681 409 475
224 147 305 919 606 542 576 219 441 505 472 663 286 432 533 257 834 845 345 191 143 52 653 701 352 612 193 249 852 321 564 250 834 790 433 430 755 396 739 429 508 625 287 255 634 627 834 752 414 445 497 239 668 931 537 439 329 478 236 790 802 497 705 582
532 406 529 573 465 416 311 466 771 328 321 809 529 405 578 386 482 530 453 738 674 197 624 587 539 485 571 245 266 681 701 314 233 669 514 559 578 668 468 248 588 672 839 174 345 331 698 902 422 287 278 493 726 694 695 444 786 433 356 384 833 665 605 570
368 617 229 401 560 625 586 784 633 797 327 187 663 394 259 553 896 643 767 237 277 446 212 298 768 569 209 543 544 496 555 389 357 384 500 784 671 574 842 225 458 764 489 460 697 445 441 555 688 638 449 409 494 722 415 705 348 815 705 355 402 739 522 747
506 626 411 492 262 760 458 320 310 669 591 528 824 441 669 454 664 479 395 610 320 558 938 559 230 0 783 331 731 560 621 208 1023 553 401 386 812 484 490 455 830 342 189 858 622 359 621 607 341 745 927 826 336 532 728 442 665 712 729 741 277 394 724 465
550 295 941 963 333 268 265 523 708 317 590 793 351 567 533 356 502 334 652 655 397 105 968 572 650 386 352 633 269 520 465 509 665 500 461 482 569 487 720 577 427 555 620 619 386 567 685 109 402 711 388 203 596 622 754 316 590 765 315 842 959 514 448 541
459 881 302 767 955 657 829 281 200 783 784 585 547 353 418 736 1004 621 409 398 897 352 383 174 350 789 389 143 602 503 913 670 188 463 518 331 859 565 654 484 399 651 639 196 420 384 225 665 455 703 770 683 203 552 293 883 693 538 366 536 716 443 504 555
736 377 332 457 219 612 592 668 757 409 411 707 946 185 556 730 613 164 626 520 868 486 206 836 653 826 876 215 376 229 676 480 573 476 584 307 569 835 790 191 178 775 803 691 752 370 716 740 320 368 373 445 709 416 658 401 570 442 220 441 770 327 873 787
662 887 612 416 415 780 659 548 561 481 243 834 436 359 506 537 566 693 469 769 237 420 734 305 757 735 358 369 734 866 439 702 203 231 732 450 602 655 152 455 456 305 438 304 514 865 189 596 635 207 460 714 98 539 378 655 552 651 787 907 209 490 227 587
569 646 248 257 632 653 401 1023 309 562 641 528 154 549 894 557 477 321 429 654 819 711 707 158 284 803 354 350 789 186 215 851 839 530 207 692 534 533 515 308 561 760 695 481 356 336 670 539 504 838 370 327 404 773 546 557 721 691 160 405 313 694 870 379
288 576 633 462 608 886 413 325 187 602 761 383 665 306 361 788 629 292 729 45 251 504 448 760 321 472 573 447 653 621 285 746 802 182 188 79 728 683 498 790 638 829 236 592 802 448 139 761 654 614 770 811 431 502 608 499 741 229 222 665 861 821 840 239
383 366 570 577 95 524 505 514 616 553 709 792 413 627 195 659 259 328 602 857 421 457 651 492 743 879 689 351 345 485 827 475 245 746 901 627 291 388 755 262 305 456 384 425 564 432 695 879 225 320 417 589 524 697 183 864 386 954 944 365 174 214 407 926
338 933 356 496 799 426 428 728 222 753 388 716 729 164 290 697 784 796 517 546 127 232 648 291 808 797 0 666 590 468 650 240 763 127 360 596 448 580 760 342 627 639 332 327 522 840 527 872 572 327 501 478 387 667 672 355 323 368 441 845 843 393 364 604
509 507 675 575 409 320 679 534 243 516 635 265 557 756 617 257 672 194 498 247 520 723 181 286 156 558 905 408 348 521 422 613 408 557 412 353 477 470 628 527 423 779 427 439 618 429 742 555 396 564 529 606 222 708 983 425 533 479 580 719 728 586 529 698
547 134 370 673 214 566 736 459 368 661 565 345 607 372 471 817 442 538 403 565 780 702 810 447 313 595 446 250 701 667 429 438 794 278 487 722 448 218 822 425 737 587 405 611 810 498 333 707 383 685 567 461 699 840 534 397 561 962 763 811 850 533 819 655
