628 685 331 506 797 412 123 484 460 581 366 202 407 728 36 437 459 508 745 538 307 1023 389 498 575 514 589 833 351 622 611 563 511 334 383 569 860 483 506 339 539 544 644 507 543 428 828 555 313 732 839 638 468 554 735 411 462 789 790 300 708 692 548 466
346 691 714 449 445 369 756 739 459 214 308 595 168 555 476 579 305 322 525 911 526 885 258 296 618 768 590 925 199 506 426 691 460 642 590 442 466 474 807 181 853 150 555 748 863 623 234 498 1023 638 275 601 306 297 895 853 464 758 679 389 539 222 508 659
542 696 847 432 216 791 118 527 618 64 438 373 314 645 349 532 560 347 480 442 342 427 576 541 686 314 526 676 452 851 670 238 704 722 356 401 662 363 289 571 647 591 315 371 888 883 623 198 697 405 544 1023 516 510 619 389 723 348 533 591 396 820 988 541
750 698 121 324 711 371 593 526 199 712 498 525 368 466 242 233 224 588 793 725 396 536 362 734 217 467 540 658 758 183 230 529 662 512 521 242 518 555 730 728 254 418 842 709 422 579 461 539 517 518 715 482 703 359 768 1004 689 387 287 900 920 439 492 327
448 408 629 664 150 307 761 932 443 382 575 124 747 523 468 692 208 426 274 732 536 661 596 396 470 398 431 338 385 687 341 723 423 262 828 885 549 273 677 900 609 213 313 625 563 155 948 512 524 726 371 430 721 557 449 785 274 485 762 757 686 249 284 822
488 447 242 369 665 671 513 428 650 511 281 637 336 778 605 300 909 265 306 593 697 52 182 733 243 637 844 416 334 198 740 435 524 701 712 490 347 792 398 308 548 623 938 261 287 241 727 679 843 606 539 369 604 376 644 560 167 841 570 392 860 900 540 268
293 627 716 375 661 947 208 506 860 476 278 376 664 796 797 425 165 553 525 469 280 595 551 351 732 685 527 512 560 477 779 696 545 58 460 386 515 771 776 273 556 397 639 654 340 746 651 502 459 218 662 698 491 947 421 378 962 381 199 333 206 460 289 611
614 136 78 668 170 406 696 711 200 689 600 391 292 775 229 670 721 357 627 868 478 340 639 238 510 250 572 658 459 248 498 765 951 750 757 573 429 574 218 482 716 593 610 557 400 650 581 425 588 464 313 248 600 277 408 855 614 732 785 648 521 208 434 450
304 726 656 328 309 449 722 598 639 425 608 573 793 372 544 702 357 639 748 652 218 530 663 481 436 627 287 638 803 342 644 281 463 325 603 509 673 441 369 673 319 340 482 549 823 539 201 591 808 228 747 481 278 777 628 580 0 246 803 624 508 642 192 322
287 487 562 679 706 711 152 551 864 871 442 538 472 651 418 818 672 232 203 140 637 581 243 551 729 523 337 569 372 456 884 486 386 498 447 351 846 657 818 681 450 245 253 315 845 403 101 538 345 452 585 725 665 148 331 647 838 250 436 514 473 200 300 479
551 597 565 262 360 627 113 408 337 555 694 368 303 308 663 553 654 267 268 418 166 662 692 409 650 235 192 703 920 171 460 975 742 719 638 446 321 309 648 767 738 701 651 559 177 226 860 487 465 630 265 588 359 554 560 499 389 663 516 175 618 749 826 295
269 435 0 671 700 308 796 716 135 727 899 548 332 625 501 813 858 438 389 777 299 550 774 29 573 439 282 339 475 993 880 167 316 456 561 818 540 503 530 35 623 728 524 531 248 558 859 254 624 585 504 95 878 859 419 178 409 629 882 534 448 460 428 433
447 350 618 658 469 439 186 656 842 484 469 227 385 647 476 190 674 794 669 369 46 259 772 785 216 520 647 403 352 359 267 645 657 618 462 681 800 236 498 353 486 597 452 306 677 420 455 780 280 457 882 629 455 258 390 441 924 662 440 383 640 529 543 524
681 229 293 1008 691 370 676 358 144 605 611 862 344 676 250 209 315 472 465 338 647 290 79 847 786 472 530 457 273 509 972 300 624 692 445 265 674 556 528 354 478 469 861 543 413 648 553 53 477 569 599 632 228 371 893 876 782 581 299 763 928 92 484 712
379 679 320 835 523 657 529 575 345 354 598 952 658 440 349 577 392 557 535 407 606 675 479 689 153 663 468 748 845 711 505 96 676 607 310 598 1023 364 606 533 693 402 622 409 493 280 690 487 371 786 683 310 401 607 527 636 319 288 562 680 756 267 154 527
683 434 556 460 360 702 119 538 630 511 396 441 601 430 174 633 687 816 231 799 202 276 557 171 453 222 680 572 78 529 323 687 861 555 421 388 433 249 544 247 647 487 829 238 691 791 330 595 702 498 379 561 722 485 526 710 549 542 489 401 275 846 456 274
582 847 538 236 847 464 726 780 214 607 490 464 352 490 600 417 269 316 134 771 635 424 200 421 520 298 362 353 693 408 522 446 637 602 699 141 284 761 558 536 672 609 0 688 487 273 710 441 136 566 514 591 447 1023 483 529 156 420 978 679 699 251 236 413
611 873 593 331 534 376 369 491 434 878 307 453 103 969 409 329 542 565 494 472 554 346 399 647 718 689 331 560 397 510 443 247 371 195 866 698 192 730 555 517 617 455 338 341 177 778 443 507 521 942 351 416 273 419 726 429 827 584 502 579 210 454 845 588
858 388 419 810 431 699 434 494 527 368 481 616 687 715 593 675 431 665 123 324 585 703 609 635 582 599 504 510 775 355 475 528 351 662 500 200 509 408 708 314 464 610 424 845 698 417 665 454 215 453 656 441 379 895 565 610 317 837 357 537 935 314 230 461
367 409 466 651 856 419 386 321 812 835 447 732 218 247 695 198 209 789 758 390 239 648 472 216 253 153 548 617 854 344 355 651 552 245 536 824 619 437 146 910 619 273 577 529 217 796 394 686 603 582 712 888 362 201 895 776 317 352 722 351 182 859 843 450
366 1023 861 335 523 796 766 290 185 399 547 352 613 703 427 389 426 385 603 478 543 307 334 609 409 599 428 348 404 564 297 680 722 690 725 335 225 715 477 676 341 605 225 444 325 626 906 626 366 408 279 429 554 727 592 327 733 548 793 640 696 751 573 401
597 307 589 959 531 531 284 828 265 690 759 91 405 715 392 440 648 552 317 852 357 809 542 489 793 208 842 644 422 435 794 488 405 273 586 384 326 524 555 188 740 500 512 369 424 786 764 401 278 406 831 851 787 451 262 665 614 500 634 368 452 613 678 546
570 461 154 540 599 287 241 725 469 478 441 666 884 777 309 406 545 364 266 662 971 663 447 491 681 930 356 449 336 224 820 642 538 294 236 523 394 429 567 635 355 764 726 779 410 225 477 580 684 588 391 559 626 902 476 232 639 856 356 494 862 808 563 740
514 249 405 784 680 402 492 381 373 127 794 538 306 461 420 510 666 508 619 524 402 478 784 386 456 659 314 401 822 889 238 563 330 702 349 587 640 732 599 516 89 399 676 623 694 430 160 654 606 766 691 272 173 792 578 382 388 591 828 890 534 455 693 406
148 592 705 387 331 532 774 824 769 425 392 581 593 588 908 432 268 697 911 277 217 613 615 566 738 478 626 386 457 394 569 556 412 213 588 649 10 225 558 428 608 297 424 306 562 473 334 709 455 347 176 155 589 847 647 524 745 145 735 819 283 448 463 590
486 750 212 511 604 386 255 448 455 542 732 401 370 52 755 502 248 592 408 629 486 384 589 429 506 827 508 516 705 271 340 800 775 774 668 414 643 405 587 860 168 465 480 762 529 386 516 260 683 583 641 321 515 649 396 524 225 491 391 254 918 561 709 685
517 337 449 626 380 342 696 803 513 460 385 157 367 630 606 666 550 156 723 65 624 621 340 644 655 492 370 588 764 612 368 417 875 477 200 534 790 640 70 534 556 410 748 513 478 661 357 811 544 245 680 733 352 372 355 828 590 445 582 892 323 721 688 295
151 681 661 444 259 197 518 573 914 800 749 709 310 391 739 462 709 839 267 0 511 623 253 323 748 486 554 645 763 382 564 478 210 731 393 783 223 334 955 925 384 446 396 477 779 532 441 241 156 827 355 512 600 598 516 822 670 317 99 351 783 514 347 627
589 190 611 650 828 300 420 469 339 655 516 56 611 169 609 825 252 346 336 739 566 243 312 774 591 181 788 506 70 543 576 496 372 693 839 855 570 377 279 229 393 967 607 769 826 663 198 888 722 444 622 522 508 597 440 425 548 542 478 480 328 661 461 432
356 300 510 637 423 116 296 628 364 320 817 634 426 152 5 717 478 201 902 675 189 373 706 566 258 669 488 334 334 741 670 611 562 116 622 691 890 295 400 878 406 438 652 496 211 618 662 499 836 497 180 528 639 503 442 856 642 705 602 120 457 517 142 484
584 727 389 410 412 466 733 179 388 639 600 585 639 584 143 536 621 579 561 401 474 340 683 665 508 498 593 312 613 551 192 781 945 213 519 431 312 331 587 747 614 643 695 510 340 306 410 507 573 570 289 332 643 729 461 329 168 444 269 575 602 459 554 422
587 288 894 804 411 367 615 407 533 688 341 150 398 409 601 578 633 582 244 365 306 497 545 570 568 324 299 483 617 439 470 360 274 586 674 745 392 496 644 248 492 758 616 454 702 493 380 714 370 544 698 681 445 536 466 555 152 436 743 351 467 549 358 484
240 571 832 547 430 632 683 154 44 656 282 184 274 426 596 658 370 124 664 782 405 837 366 320 644 921 650 394 601 734 573 622 631 322 366 590 487 457 361 459 672 586 373 253 722 673 738 660 210 530 666 679 683 390 561 461 416 743 416 441 436 841 153 226
718 410 303 569 268 669 199 779 685 300 339 248 552 499 129 215 422 790 474 501 737 608 479 666 406 314 549 662 441 393 317 423 337 347 1023 648 605 593 718 544 328 147 447 665 294 563 555 199 688 645 469 163 365 711 644 714 493 377 354 491 570 243 128 616
684 593 580 356 356 148 628 483 564 558 85 638 633 649 432 420 340 323 942 621 348 129 651 458 923 500 88 656 563 637 929 814 572 214 273 563 866 219 744 459 655 560 449 135 632 333 856 812 511 231 298 335 286 844 456 328 590 563 276 828 428 412 628 626
316 1004 870 225 603 787 450 326 420 602 608 292 482 377 303 623 639 716 448 22 552 414 504 863 623 219 396 514 699 816 450 368 655 210 711 558 283 486 249 404 982 616 1012 633 231 300 384 598 605 554 909 212 501 636 358 443 444 711 362 807 214 185 297 427
615 697 454 1004 707 234 211 655 286 299 334 233 584 300 328 310 797 287 542 348 543 779 717 693 288 278 724 155 889 495 311 480 342 847 487 387 705 603 410 216 370 104 372 332 826 251 554 564 772 761 557 244 469 898 810 379 467 263 546 304 524 692 305 229
830 794 511 381 413 613 862 264 321 872 274 608 696 489 261 727 316 440 995 311 567 837 347 473 1023 530 576 847 466 325 405 583 550 391 698 202 445 606 496 562 829 333 599 646 668 655 265 40 756 526 685 446 339 677 215 325 809 657 698 756 185 94 554 499
777 1021 528 468 996 378 314 987 599 424 754 351 481 301 795 758 474 673 291 377 626 490 1023 332 524 418 532 914 481 136 849 695 635 428 685 434 603 489 532 313 383 725 672 512 379 244 580 848 473 112 332 868 572 363 426 690 859 515 207 180 805 715 195 311
471 486 1004 558 580 563 499 712 398 541 775 478 402 683 290 494 434 276 771 860 612 280 454 484 729 687 809 35 370 714 667 582 152 636 326 348 681 761 600 591 224 464 684 208 612 385 742 571 531 640 409 351 780 480 635 466 735 692 281 747 410 0 218 439
636 1022 800 933 170 339 821 792 333 824 476 588 382 301 775 608 657 743 892 350 567 424 518 863 575 309 413 631 793 531 451 559 509 419 442 322 578 612 177 669 866 217 269 564 680 884 169 261 721 502 728 241 393 814 759 380 191 225 451 340 659 750 334 303
931 456 282 437 484 633 577 814 480 275 512 519 737 572 412 351 604 680 375 515 607 313 517 113 906 858 254 134 792 554 262 471 648 600 471 287 598 596 456 596 235 846 704 540 531 339 610 521 460 576 489 530 151 449 550 675 786 274 471 396 782 471 812 399
380 439 446 740 1023 552 207 563 567 705 243 883 855 181 449 650 237 154 736 555 949 490 324 772 293 527 809 33 617 417 337 569 155 474 528 749 541 415 375 416 566 187 326 631 586 695 542 132 208 326 252 462 670 611 790 299 398 365 530 673 479 518 142 591
398 789 961 865 478 538 925 381 501 490 511 245 384 937 515 344 469 607 458 80 627 746 610 295 353 102 759 750 226 509 559 57 705 547 337 616 512 759 808 235 505 695 329 308 590 481 398 185 490 424 639 642 306 0 480 657 433 588 115 547 726 917 579 300
812 727 192 256 550 679 449 985 516 473 482 397 758 364 896 764 692 280 695 615 817 513 439 130 495 722 677 582 717 457 228 599 614 479 542 560 482 197 713 567 567 690 349 578 646 228 370 658 476 167 443 384 678 703 395 657 283 468 877 247 470 332 670 541
595 399 278 571 578 654 467 868 407 342 633 414 488 604 518 556 429 379 726 454 447 645 648 290 568 238 686 689 339 497 650 281 381 360 799 563 731 527 435 474 533 369 438 181 492 466 439 509 215 581 643 285 668 513 422 155 358 408 634 706 443 574 343 508
172 442 702 597 542 297 709 357 658 457 506 921 636 458 609 484 651 338 312 475 702 319 472 790 560 617 335 283 620 757 687 77 247 604 904 452 228 491 815 319 690 515 557 312 677 661 567 159 368 184 268 885 247 230 254 256 782 791 518 528 589 263 362 542
541 72 201 682 471 296 157 583 273 600 770 488 397 740 261 231 301 806 916 220 494 818 524 529 685 317 432 288 643 287 478 471 773 757 502 714 449 101 537 454 676 586 387 216 515 611 489 488 535 417 650 524 524 846 443 555 904 197 328 304 358 579 464 391
277 852 624 247 499 641 513 754 244 578 671 137 450 599 527 186 618 823 106 546 703 359 716 712 154 337 608 513 307 598 631 765 300 341 501 399 409 589 848 485 371 534 148 674 603 132 408 641 264 505 540 659 474 246 547 694 437 418 557 484 637 369 451 379
473 476 318 415 194 552 570 373 552 253 623 763 513 506 813 525 301 532 303 202 542 727 650 423 492 181 681 738 281 732 655 399 920 493 441 231 371 636 541 236 725 591 611 600 115 491 350 288 661 538 220 771 671 263 425 512 540 781 940 377 475 681 405 473
226 147 313 919 616 540 580 215 453 499 480 651 284 424 531 259 836 841 345 211 129 46 637 703 358 618 187 259 848 315 566 244 836 786 441 434 747 398 739 435 508 643 289 273 638 623 830 750 426 447 487 263 664 913 533 393 323 450 234 766 818 497 727 588
528 408 539 571 467 410 315 462 757 332 323 799 529 405 588 382 480 528 457 750 668 197 630 585 543 483 579 239 260 691 707 316 243 669 518 557 578 662 472 248 586 656 845 170 345 321 692 898 418 285 282 497 708 694 689 442 774 423 346 380 825 675 601 578
364 619 235 409 598 621 568 796 639 801 327 177 665 396 255 561 892 671 781 253 275 446 210 294 766 599 203 545 528 496 559 375 347 400 494 794 673 578 846 227 454 766 489 464 701 443 439 551 688 622 479 405 486 706 409 703 334 803 705 355 412 749 538 765
506 626 405 492 268 760 448 330 306 677 599 520 828 427 663 440 638 459 387 582 302 572 938 557 232 0 791 333 733 560 613 194 1023 555 409 392 816 484 484 475 830 326 179 856 630 361 625 607 341 753 913 826 318 544 710 436 661 716 731 731 275 390 714 463
506 291 937 971 333 252 257 523 714 311 598 797 349 551 525 354 498 328 652 645 399 83 952 568 648 384 350 629 263 524 451 521 667 508 463 482 571 487 734 569 411 553 620 619 382 565 689 121 404 725 392 225 588 630 754 330 610 759 311 846 957 524 448 545
461 879 296 771 955 651 837 285 182 765 790 587 545 347 400 732 998 621 407 396 897 348 379 170 350 785 389 155 602 503 913 666 200 465 524 335 851 565 672 492 397 649 637 198 412 382 235 659 451 719 766 681 205 520 301 889 713 514 396 528 708 447 502 559
718 373 350 449 221 604 580 664 773 405 409 691 962 173 564 734 615 172 634 502 884 494 208 834 655 838 874 217 374 215 664 472 579 472 592 305 573 839 794 181 168 791 807 707 764 382 714 742 322 366 375 447 711 412 656 397 580 432 222 449 778 373 887 787
660 895 622 428 415 782 663 548 555 481 239 842 436 351 516 547 582 691 487 769 229 422 724 307 759 743 364 365 730 864 415 698 203 229 734 452 598 657 158 445 470 299 430 308 514 885 173 608 629 199 458 714 94 537 378 661 560 649 785 913 211 482 229 579
569 652 254 257 630 653 401 1023 307 558 639 524 158 543 888 559 475 319 431 654 819 711 709 158 286 817 346 358 787 188 219 851 827 532 211 698 534 525 515 306 563 760 695 479 356 336 672 527 502 842 372 345 418 773 548 557 719 699 172 409 323 702 888 381
286 584 637 464 610 882 411 317 163 610 761 395 661 326 365 796 631 304 731 43 243 498 446 762 321 484 587 463 657 623 271 744 786 184 194 97 730 683 494 794 642 831 244 574 804 448 133 763 656 622 780 821 437 510 612 513 729 237 232 661 869 821 856 247
373 380 566 575 93 524 513 518 616 553 709 800 409 633 185 669 265 332 588 855 411 469 653 492 743 881 691 355 349 487 833 479 245 752 901 627 289 390 751 276 305 454 376 425 562 432 693 887 223 328 415 593 524 699 177 866 374 956 974 351 186 186 433 910
332 927 350 494 797 418 424 730 222 761 392 712 731 162 288 689 794 790 529 540 127 228 632 293 802 809 0 666 596 470 656 238 769 117 364 588 424 580 738 348 625 635 338 325 496 846 535 874 566 331 503 478 387 661 672 361 305 364 439 847 859 397 374 604
509 503 665 579 425 306 685 534 271 516 633 265 563 758 597 251 668 194 502 247 514 731 171 290 162 550 899 412 344 521 418 613 396 569 412 355 473 472 628 521 417 781 429 449 614 431 722 553 380 550 521 604 234 700 985 413 533 461 578 735 732 590 515 714
557 120 366 683 214 572 746 457 370 671 559 351 607 370 471 807 436 526 395 567 806 700 816 447 305 599 442 250 701 663 429 438 796 280 495 718 424 228 824 423 747 583 409 617 806 498 327 703 371 689 575 467 703 846 510 393 561 940 765 831 854 539 829 651
