281 419 1000 659 176 562 9 87 116 28 200 886 240 771 626 857 778 551 613 837 304 337 852 463 474 807 101 126 180 310 48 127 448 464 520 1000 570 137 725 392 422 412 149 925 658 208 1015 514 990 268 91 20 920 768 605 63 889 287 1009 510 487 496 665 119
607 1004 212 767 169 984 143 94 853 742 644 300 863 554 286 947 350 283 968 743 501 164 320 330 32 993 356 431 72 528 1011 299 377 118 573 434 25 638 118 466 721 795 835 371 803 627 562 791 22 939 395 437 776 40 439 735 640 541 663 893 37 470 456 376
279 251 288 501 191 669 343 722 241 743 252 433 825 605 850 697 617 392 309 436 389 662 166 589 314 558 420 635 608 582 811 762 639 618 515 247 382 326 640 572 250 664 246 305 690 610 341 751 257 798 537 754 699 386 772 604 690 752 660 490 584 302 614 404
549 199 627 337 292 743 439 741 161 794 169 765 679 764 650 479 266 448 212 538 181 473 262 713 570 353 500 747 763 660 405 471 788 656 730 444 715 693 655 783 256 431 202 441 485 411 371 674 313 681 552 802 359 767 649 832 350 842 456 754 630 302 265 177
372 381 468 393 283 760 439 762 258 537 208 565 558 645 555 705 235 260 423 469 596 595 344 535 457 745 556 846 695 746 312 541 441 697 597 330 303 565 338 403 457 371 421 614 457 684 281 704 396 462 605 779 504 782 610 468 398 347 451 722 330 716 341 444
285 252 647 253 538 472 482 658 600 397 327 282 484 646 535 681 671 327 357 511 287 500 741 444 638 259 401 549 643 413 188 505 179 481 264 518 500 280 407 412 593 592 273 670 417 484 409 302 736 568 805 542 663 568 454 281 666 437 460 780 563 779 413 446
562 502 467 250 288 606 467 421 718 444 542 763 718 649 594 717 579 376 705 644 313 759 689 271 552 239 708 219 310 264 392 293 519 250 693 651 482 391 490 689 468 671 661 402 387 598 570 634 732 305 807 262 390 401 368 275 484 439 274 549 479 658 692 587
680 507 423 361 195 536 440 511 599 745 591 762 423 720 726 587 393 414 674 391 369 477 702 465 579 354 582 216 519 154 608 120 597 254 472 426 538 369 565 329 298 448 626 618 752 484 627 784 593 563 513 336 632 753 737 762 450 627 566 350 671 696 837 695
517 666 572 651 270 561 245 487 680 853 381 893 540 672 634 488 461 517 679 497 691 228 673 257 256 466 348 489 281 251 352 225 420 305 323 701 499 509 542 400 362 702 268 764 520 487 562 797 365 754 589 705 662 642 586 774 264 323 408 254 323 740 454 602
518 545 314 685 402 418 561 582 749 817 392 768 532 438 366 779 537 711 324 640 386 359 583 674 338 511 391 699 596 329 488 256 537 641 336 559 707 449 394 767 437 807 364 356 281 619 344 778 328 699 406 626 599 592 470 572 536 359 664 255 370 453 666 633
204 782 328 773 251 310 458 291 801 794 667 708 456 723 759 732 740 517 254 716 341 642 529 609 187 457 344 421 465 459 205 606 275 517 340 209 762 176 580 388 549 561 333 575 571 768 618 691 379 438 691 534 438 698 668 771 645 522 790 569 548 332 689 458
274 709 504 450 650 219 528 548 745 442 760 566 382 842 418 520 286 356 558 400 743 705 332 401 210 510 322 357 315 659 151 668 345 569 235 402 604 415 261 748 208 670 612 435 600 239 393 312 361 468 359 477 658 520 493 822 556 596 396 623 592 304 342 421
322 330 689 278 582 419 437 325 711 413 589 621 715 738 318 588 243 527 273 414 715 648 349 356 705 582 668 331 256 527 236 407 239 386 440 430 726 672 287 729 175 469 200 483 197 261 265 663 376 737 671 411 413 480 600 585 735 646 555 313 364 481 643 713
418 513 412 463 279 277 230 665 597 394 580 444 452 650 313 534 403 568 245 534 249 318 592 263 426 769 663 685 589 390 425 572 265 490 244 558 430 359 518 631 516 672 320 738 396 374 549 467 544 317 400 132 654 199 585 407 328 350 552 567 682 369 789 619
226 474 483 426 357 504 475 849 384 768 471 429 309 729 209 413 377 594 185 421 274 551 640 617 455 757 314 520 207 724 216 697 328 229 512 182 370 202 723 523 433 412 393 284 399 262 529 663 532 486 740 133 437 293 471 562 548 415 387 594 749 401 711 589
738 306 597 651 529 718 508 640 473 590 575 267 285 524 433 454 323 231 596 236 378 497 273 695 434 645 231 348 355 293 667 331 506 329 437 172 689 146 646 345 608 228 659 242 548 277 671 435 611 403 722 236 707 477 317 751 206 732 213 364 566 364 784 568
765 252 842 574 522 782 661 695 330 260 302 282 376 272 498 509 248 739 389 650 468 655 247 691 508 538 524 734 484 291 526 244 711 392 714 391 523 353 346 479 435 677 473 479 524 430 749 517 833 272 806 668 421 697 720 322 753 645 621 752 715 306 755 306
883 360 734 691 475 607 418 773 234 341 331 532 518 539 606 547 372 593 350 343 446 263 423 584 393 745 510 814 477 686 726 525 698 670 701 283 340 550 210 579 426 698 668 724 766 402 480 585 670 249 870 474 713 317 715 346 863 726 821 544 903 601 815 800
603 730 583 340 378 467 404 815 257 671 318 443 785 299 505 568 522 422 670 652 328 367 308 456 553 570 610 546 467 551 727 650 611 521 584 401 533 483 366 698 445 598 600 582 398 769 725 384 678 424 838 726 632 692 583 507 642 268 506 466 802 514 828 825
667 567 605 516 440 527 597 448 326 361 583 453 862 433 869 733 859 791 817 564 327 567 425 331 414 469 312 250 432 208 357 285 434 293 373 636 388 447 712 728 450 364 257 634 255 829 574 277 325 206 438 411 731 438 379 427 682 185 808 221 689 508 408 347
633 240 656 340 435 228 625 217 313 215 568 415 759 409 779 728 453 632 681 494 751 627 607 330 541 319 452 257 631 283 313 438 378 665 716 489 511 670 551 717 682 334 288 611 644 709 686 444 660 647 435 645 786 305 758 283 580 501 312 428 553 363 229 716
531 263 510 254 389 432 743 378 393 406 520 360 731 478 249 521 302 591 708 712 762 406 273 435 190 652 324 686 274 406 422 753 569 770 639 411 414 526 566 623 360 393 224 357 393 335 289 471 415 576 542 671 299 418 431 434 230 586 185 673 181 488 160 295
302 203 404 487 660 672 761 515 574 235 683 244 425 638 223 478 393 679 542 459 359 672 355 382 278 625 425 536 500 326 319 410 449 506 734 342 630 401 588 319 507 579 210 737 274 431 220 459 312 667 597 778 398 355 589 273 282 424 215 758 473 512 504 161
462 469 413 739 742 347 644 410 622 715 822 322 666 596 510 588 626 728 402 732 531 477 801 425 658 741 465 618 504 602 392 292 723 691 748 429 568 360 759 576 652 589 395 710 699 492 299 429 311 608 582 741 480 416 607 490 473 258 246 337 515 435 707 209
409 598 376 562 694 425 578 642 771 844 878 778 785 553 394 600 618 406 561 335 638 647 895 449 902 467 703 452 560 388 490 573 483 385 306 287 606 745 368 731 489 844 540 779 763 692 740 772 498 387 738 344 426 619 334 595 344 374 465 683 315 469 540 746
258 500 270 325 504 377 791 319 721 460 633 621 756 827 380 787 531 361 484 559 594 602 838 424 846 214 684 407 620 286 762 644 432 377 423 612 300 828 607 609 781 694 805 546 752 755 814 630 804 248 624 413 671 640 680 503 631 428 549 452 453 428 391 525
239 550 484 354 844 334 881 460 684 514 732 524 706 471 296 654 246 451 621 555 304 586 518 618 741 277 411 250 334 383 419 787 560 519 325 301 181 519 558 460 295 611 307 264 438 511 470 255 441 512 351 696 643 685 849 291 584 277 635 240 312 190 342 163
302 408 704 418 869 313 826 664 713 630 317 688 412 543 484 520 277 286 471 440 389 631 440 389 439 499 344 554 522 498 277 840 264 828 505 581 216 724 235 701 364 379 175 318 311 265 700 255 562 714 368 529 613 343 774 376 418 604 419 390 212 377 196 465
539 396 513 435 803 502 848 486 851 806 439 672 600 340 540 629 565 344 416 519 641 654 452 370 591 433 402 694 699 406 483 395 384 785 672 510 443 481 599 818 557 655 497 628 507 669 786 270 648 622 541 596 394 588 589 592 310 692 564 667 368 635 354 435
305 323 412 472 548 560 505 482 777 745 385 716 278 732 797 656 709 749 506 556 691 738 787 564 552 284 372 399 293 449 441 593 317 543 574 497 510 782 408 879 340 497 316 344 370 390 478 346 547 272 720 539 663 450 530 622 558 669 780 379 760 230 382 484
169 279 308 510 549 436 601 706 797 616 536 662 490 490 769 536 693 788 586 593 436 358 711 287 471 472 468 667 182 644 182 359 543 718 303 678 443 830 619 843 519 305 663 238 464 652 312 766 479 637 549 748 385 575 444 732 618 300 839 196 773 209 504 310
533 590 598 375 490 288 708 706 843 515 855 697 615 392 514 602 466 695 280 563 368 413 291 476 727 267 678 405 367 478 428 684 255 441 277 357 611 658 442 570 572 424 580 632 707 645 697 486 463 605 454 820 481 808 578 723 692 610 572 523 469 384 471 266
223 491 524 453 665 465 777 422 850 714 866 376 514 233 430 398 339 483 344 344 684 517 455 403 412 404 288 261 418 536 510 627 315 494 658 351 806 505 775 748 810 611 595 302 587 419 807 550 720 558 440 360 650 618 642 310 293 306 421 607 373 479 257 581
272 724 521 481 411 725 646 634 405 842 428 629 753 199 588 392 215 692 268 699 405 790 535 766 715 671 777 237 508 533 509 388 466 561 534 643 387 660 602 769 686 534 325 417 705 562 464 363 500 546 391 743 249 412 519 495 363 269 376 791 400 793 426 610
626 716 381 567 608 364 575 482 506 673 262 386 534 348 429 639 332 658 482 513 709 512 782 736 576 405 847 347 718 321 822 334 744 242 516 374 506 318 783 500 710 239 345 176 732 236 498 297 701 690 299 678 165 536 381 393 761 262 752 556 273 607 202 588
730 620 597 526 587 439 510 253 392 334 619 257 605 459 668 631 468 751 367 475 544 495 562 777 407 504 737 444 574 732 740 546 812 341 819 657 801 588 791 281 343 395 499 513 778 647 618 465 583 442 356 552 214 561 596 523 857 361 822 326 755 695 426 765
573 720 369 312 251 506 550 432 308 705 228 624 191 668 311 657 549 759 416 470 468 677 711 457 589 327 581 437 743 736 458 336 386 411 725 719 558 552 669 303 669 324 759 764 540 781 376 664 763 422 725 278 720 629 648 697 405 347 796 249 828 428 316 370
704 498 356 410 391 380 427 689 673 311 497 607 381 670 292 568 469 835 427 814 421 416 464 276 483 207 284 204 549 360 463 294 299 228 509 519 755 648 720 674 563 414 765 401 607 561 636 580 700 701 323 537 553 699 660 423 261 699 492 450 764 653 287 299
545 562 744 517 656 491 568 376 373 173 560 207 576 292 706 580 697 613 613 560 435 660 526 407 332 371 527 161 452 164 436 601 509 301 741 301 538 697 381 742 338 374 758 451 478 360 283 547 664 417 411 427 731 613 455 797 502 711 340 286 497 356 368 713
695 588 705 453 369 593 391 779 540 426 410 174 455 514 347 699 291 714 496 602 356 354 395 430 633 459 700 513 464 211 556 255 540 427 483 235 548 648 717 633 558 790 657 428 251 517 378 693 411 380 697 360 505 590 629 676 293 549 339 659 634 350 282 595
639 567 629 777 326 797 535 847 682 757 258 307 481 702 627 382 364 416 530 336 275 316 377 231 599 229 344 327 677 379 526 361 460 606 736 202 651 346 626 779 369 828 258 781 403 671 622 539 802 356 509 616 505 646 482 780 350 781 355 831 569 726 476 221
780 411 810 626 609 822 535 864 319 816 548 763 592 462 716 678 662 383 518 284 440 682 531 497 280 345 474 343 373 390 258 671 529 689 469 393 306 277 479 434 719 571 233 717 529 485 778 534 758 533 820 373 583 595 323 591 265 699 762 715 662 506 240 399
198 703 498 737 761 783 738 743 618 852 854 813 803 547 526 771 767 710 703 698 268 562 206 447 313 309 345 261 194 581 390 857 314 852 278 534 176 637 421 606 744 387 393 484 348 357 739 725 637 742 678 659 460 678 568 812 292 774 730 546 780 372 373 739
114 678 400 608 568 512 510 366 793 456 745 794 820 441 786 364 433 812 423 838 492 785 617 487 423 268 208 685 267 526 675 759 363 792 110 803 128 394 222 739 418 277 713 261 749 213 447 375 417 770 297 824 469 538 647 663 688 538 342 748 591 667 599 549
476 390 439 363 634 631 318 537 347 466 730 694 477 358 593 221 378 483 282 572 517 377 594 291 763 263 460 772 262 752 492 571 380 779 227 803 334 554 458 706 475 611 713 667 702 669 788 385 491 476 192 576 292 658 533 654 324 676 721 670 641 350 359 424
509 340 308 726 596 684 690 588 488 621 510 336 633 328 631 553 603 683 761 667 769 665 750 413 699 393 751 517 580 457 317 351 458 365 566 692 379 491 721 426 432 365 448 786 688 642 736 546 644 496 488 314 279 565 534 569 549 312 450 615 662 616 354 750
315 602 545 459 539 379 790 689 842 608 769 636 591 673 329 583 275 416 474 564 567 703 465 378 502 667 649 379 421 612 207 578 662 705 760 428 544 316 520 288 407 564 303 504 667 713 451 381 438 244 654 381 537 662 521 311 807 235 805 307 675 645 380 655
612 604 588 487 309 653 618 389 667 456 637 403 462 504 540 540 609 763 555 530 469 260 711 270 671 314 515 607 449 759 261 458 679 811 749 770 371 285 457 226 519 766 345 782 678 407 306 355 271 686 636 667 513 715 558 252 473 141 764 393 589 222 711 325
836 515 761 798 610 793 433 462 489 648 408 756 547 547 362 807 585 800 588 564 443 295 326 262 456 426 735 754 341 462 206 489 346 840 663 721 579 595 248 285 460 530 705 716 585 437 481 725 468 858 613 594 825 471 682 396 711 208 728 177 470 388 580 344
542 630 609 390 613 637 643 311 478 329 313 814 501 846 571 549 603 639 586 359 642 232 499 331 356 665 633 760 638 808 641 778 556 765 463 574 348 265 259 576 370 569 256 725 269 563 397 461 696 739 505 572 756 460 465 303 506 205 600 295 525 643 541 216
835 749 777 306 414 469 732 365 513 246 699 783 478 822 252 670 394 668 616 508 673 702 419 640 355 279 369 421 608 561 713 652 439 476 563 511 491 282 360 559 597 720 525 729 660 455 468 268 704 277 396 444 479 261 592 266 265 599 306 723 376 572 317 271
562 408 475 687 665 567 275 262 308 206 358 521 217 642 205 597 562 579 657 323 355 223 334 324 591 509 548 666 706 687 689 611 437 658 611 507 439 526 694 296 442 753 336 787 730 724 703 725 557 707 577 536 672 429 548 472 645 336 465 699 289 401 379 684
235 329 527 522 742 260 499 145 398 154 648 254 596 485 407 326 362 308 621 288 697 326 772 629 829 685 649 814 450 741 569 416 594 644 467 283 251 355 402 276 419 634 714 638 575 763 322 675 340 444 755 672 590 433 620 760 638 593 568 408 256 336 334 410
285 345 405 710 719 442 666 573 470 204 300 472 635 509 802 656 734 331 502 647 427 368 299 349 660 375 332 456 470 434 477 378 538 303 488 440 390 412 615 415 407 585 339 355 217 463 206 703 508 742 731 343 621 681 277 708 224 473 371 687 363 354 485 729
360 657 694 616 569 417 518 411 463 415 173 542 382 644 748 812 654 859 547 827 538 499 197 770 210 558 237 674 497 598 376 528 493 573 429 365 449 292 236 300 225 592 660 678 555 546 659 604 636 663 639 710 469 338 248 505 596 353 366 653 257 815 446 841
741 802 756 790 783 691 816 713 473 728 238 471 198 836 730 773 612 593 613 837 591 810 574 903 354 737 681 844 459 629 515 765 666 676 541 675 363 418 184 662 503 764 301 550 582 493 770 607 330 412 483 714 557 237 482 276 691 561 386 709 257 500 407 684
656 774 471 370 747 337 771 405 347 465 214 598 182 865 345 755 346 583 364 686 681 862 739 863 478 752 634 695 561 345 505 413 600 443 436 686 251 456 462 364 405 779 232 786 338 530 499 803 531 550 565 420 480 483 298 511 298 478 359 635 188 729 392 806
358 266 664 380 426 360 343 719 600 682 619 445 474 597 251 377 639 500 383 757 337 507 764 390 664 343 385 453 657 468 309 612 280 768 214 475 548 557 676 777 635 638 484 658 375 885 395 911 638 765 524 418 550 781 669 766 349 789 226 559 206 698 353 820
755 422 496 639 744 661 367 838 336 491 375 425 539 606 411 235 310 265 542 367 503 462 724 443 347 701 455 793 702 513 486 543 341 591 424 430 314 338 680 679 606 443 415 654 259 876 226 709 375 640 674 643 613 550 259 657 345 594 530 712 652 709 593 595
630 660 515 325 636 717 584 793 266 416 546 509 626 430 542 533 347 609 279 728 593 558 759 568 452 588 403 780 248 378 309 264 386 339 499 382 487 551 364 327 306 395 535 348 559 685 771 487 752 299 504 626 736 741 355 442 335 359 552 612 746 525 471 175
300 666 677 268 314 333 412 423 710 364 696 582 784 777 539 703 599 792 447 610 390 559 429 414 314 264 545 588 498 511 468 201 430 263 391 209 455 332 628 597 673 734 325 620 546 607 745 714 680 467 799 430 559 302 679 413 539 358 327 516 746 688 537 276
296 382 498 280 606 327 664 382 806 568 725 633 503 436 641 421 499 604 743 731 479 680 575 420 490 318 456 354 375 499 661 530 429 522 598 632 447 433 734 483 372 395 663 458 512 319 517 478 582 532 697 303 509 613 667 234 718 142 252 246 310 691 563 686
576 714 802 575 813 512 705 471 460 787 672 683 615 654 713 511 774 583 565 746 436 553 505 565 763 513 741 627 418 593 460 544 510 355 522 416 527 618 468 370 437 440 304 473 593 519 451 289 430 724 681 500 632 361 659 509 695 340 310 224 667 405 565 564
348 250 580 526 437 574 490 445 569 627 280 699 425 871 576 627 749 613 274 630 270 428 395 290 436 709 389 458 307 185 368 238 331 340 534 615 491 725 545 666 294 330 296 481 773 401 536 346 364 743 714 631 609 375 406 213 623 284 598 462 616 749 628 776
