399 479 730 645 240 543 75 172 178 212 256 703 330 787 572 795 701 621 605 703 440 414 680 482 421 665 171 287 173 279 191 211 422 446 504 764 530 319 612 379 449 501 317 723 643 381 909 470 786 321 343 195 753 529 675 239 837 339 865 513 546 455 539 197
495 762 325 740 199 766 219 326 572 556 560 435 691 624 466 784 495 465 736 605 507 344 357 434 191 768 289 498 270 466 708 366 480 291 485 447 226 511 301 498 571 663 670 471 729 591 575 731 261 762 433 450 689 250 581 552 675 556 633 700 304 471 446 360
275 253 283 498 183 669 342 721 244 738 254 421 827 609 851 697 616 392 312 436 393 663 164 588 318 561 424 634 608 579 813 759 640 612 506 238 373 316 636 580 251 665 249 306 689 605 339 751 257 799 537 752 699 369 777 579 695 744 660 487 584 306 618 398
545 205 626 340 290 743 444 742 161 800 167 767 687 764 659 486 266 451 216 538 182 473 264 710 566 351 493 743 760 656 409 474 784 661 727 444 725 695 662 783 252 427 202 439 485 411 371 674 317 685 552 805 362 768 652 831 345 863 458 749 631 294 261 170
371 386 467 401 281 766 438 759 256 533 206 568 553 649 554 708 233 261 422 470 593 599 349 537 453 740 553 839 687 741 321 540 456 693 592 336 301 549 338 405 450 372 422 610 454 690 281 715 406 462 606 776 504 780 606 461 398 362 452 732 333 709 342 440
286 249 647 256 538 473 474 656 600 397 329 292 492 647 535 684 670 326 357 510 290 503 741 443 637 253 403 550 635 412 178 508 168 483 263 516 496 286 403 414 593 589 267 666 416 486 409 301 731 567 804 544 665 569 462 284 670 425 462 778 563 779 414 442
557 492 459 250 289 614 469 418 718 448 541 757 716 645 594 717 579 375 706 640 309 755 689 275 547 242 711 220 317 267 402 296 521 255 697 650 478 390 491 689 464 669 658 402 378 598 566 628 734 303 804 263 391 404 365 266 486 440 273 552 477 664 690 580
681 509 425 361 193 538 440 510 599 735 592 762 425 720 724 589 393 415 670 394 377 481 706 466 578 353 582 217 514 152 604 120 599 250 471 433 539 372 564 333 296 453 619 618 757 484 625 782 599 558 513 337 629 753 736 758 447 626 559 352 672 695 828 693
518 664 570 648 270 562 254 485 675 855 384 893 540 673 637 490 469 520 688 499 690 223 671 254 263 463 352 491 286 253 354 225 422 305 321 696 503 507 540 405 363 698 270 764 539 487 578 797 370 755 589 705 664 645 585 775 266 329 411 254 325 743 457 600
526 545 319 687 401 413 560 588 749 815 394 769 534 433 366 774 542 708 328 640 394 366 586 676 339 514 387 704 593 333 488 256 535 637 338 561 699 463 393 778 438 809 365 356 288 615 346 775 333 705 409 631 599 589 468 569 533 351 660 258 371 453 663 635
199 783 346 775 252 317 456 288 801 794 661 706 456 722 751 734 736 522 252 711 335 637 529 607 196 459 353 425 469 456 212 603 275 514 332 206 765 177 570 385 551 551 335 577 565 769 618 689 376 434 692 534 438 698 668 772 650 520 790 563 550 332 695 460
279 708 515 458 646 218 536 554 745 439 760 567 384 842 424 523 282 356 553 396 743 708 332 404 192 509 321 360 310 656 149 668 345 559 236 399 603 408 266 742 214 668 620 437 603 240 396 318 360 472 356 478 660 517 493 822 556 594 396 626 598 300 342 418
325 328 695 280 598 414 446 322 718 408 588 629 717 741 316 585 246 528 291 419 715 644 350 358 702 583 665 336 267 527 227 406 239 391 430 433 720 669 297 724 175 477 201 486 199 248 262 661 376 740 672 423 412 500 599 572 731 650 554 314 369 479 657 710
419 515 411 461 273 281 232 690 596 378 583 449 460 651 317 537 401 566 257 533 240 317 591 277 427 769 669 681 586 388 420 562 264 495 245 557 434 367 515 634 514 675 316 739 393 377 555 467 546 320 405 134 654 198 586 424 329 352 553 570 676 368 788 617
230 471 492 425 358 509 475 845 383 767 470 428 312 722 208 422 376 599 185 421 269 553 633 617 460 755 317 522 204 726 213 693 322 230 507 181 363 219 717 531 428 444 391 286 399 256 531 669 533 486 735 133 444 299 468 561 541 421 377 594 743 400 711 591
729 308 592 652 532 716 508 642 470 580 582 264 281 524 434 456 315 261 593 239 383 499 274 696 433 645 240 352 357 294 675 328 506 329 436 172 688 149 649 349 618 245 659 235 545 288 674 435 613 401 721 222 709 479 324 748 209 730 212 362 558 365 784 566
762 252 838 571 521 782 660 698 328 262 304 277 381 272 500 511 252 743 386 640 470 647 250 693 501 536 523 737 484 282 528 236 709 388 712 393 513 353 339 479 433 682 481 485 529 430 746 512 828 280 812 667 417 697 712 327 754 645 613 756 708 307 746 312
889 350 738 689 473 605 419 775 234 338 330 531 519 533 605 548 371 594 356 346 443 264 419 587 395 743 512 816 474 679 718 515 698 670 701 279 341 549 213 578 427 698 667 723 767 402 480 587 672 247 868 467 705 307 718 351 863 724 817 542 898 597 811 803
599 729 587 345 377 470 400 813 259 673 326 446 779 288 500 568 518 411 668 652 331 366 308 462 551 574 613 557 462 580 729 663 617 518 604 399 534 484 361 702 445 598 611 584 403 764 726 387 677 416 840 728 625 689 578 508 643 272 503 469 802 513 806 830
663 573 600 519 433 529 597 460 330 374 585 452 863 433 868 729 861 785 821 565 316 560 429 331 408 469 312 253 437 208 357 289 434 292 379 636 388 448 716 726 450 364 255 635 258 835 581 277 330 207 440 408 732 440 379 429 681 183 810 218 691 509 412 348
640 243 653 344 437 228 625 216 310 215 567 416 760 406 780 724 454 636 674 493 752 627 607 329 532 338 445 260 631 290 312 452 383 666 716 489 505 668 549 717 678 335 281 615 645 696 688 441 658 646 439 647 793 306 762 283 588 498 319 420 569 362 239 722
530 261 511 257 386 438 745 380 387 401 520 358 729 478 252 521 301 592 705 713 759 403 276 435 200 652 324 685 274 406 424 752 565 772 639 415 419 529 567 620 362 392 225 356 395 337 295 472 418 575 542 672 297 417 431 431 231 584 184 672 174 486 158 303
307 196 405 474 658 666 765 518 573 237 686 247 431 634 221 475 392 689 539 454 359 668 352 378 282 632 424 538 501 324 318 413 444 504 722 343 633 403 584 318 505 579 208 736 276 432 220 461 311 667 599 778 398 355 593 270 282 431 217 749 477 515 494 148
461 456 414 739 737 346 641 393 620 713 825 317 680 596 510 588 630 728 402 731 539 478 798 425 651 745 464 619 503 598 391 292 717 686 747 425 571 357 767 570 652 586 397 708 692 494 299 429 309 612 579 744 483 412 610 487 471 256 246 347 511 440 704 226
411 595 377 558 693 426 577 642 770 838 881 777 784 555 389 600 619 404 561 337 635 648 892 452 901 475 699 461 559 392 490 576 483 385 307 298 604 747 368 729 491 844 538 777 738 690 736 767 485 395 737 341 415 619 319 595 341 375 462 682 315 468 546 750
260 494 272 326 511 377 781 323 720 460 630 619 754 816 382 786 534 360 484 557 594 597 827 421 843 212 688 405 618 288 758 646 431 377 422 608 301 826 607 613 779 687 783 544 745 761 830 639 815 255 626 408 669 642 678 504 623 426 547 461 452 440 388 527
235 554 482 347 842 336 885 466 687 510 744 525 716 470 295 645 248 449 623 559 304 585 518 612 745 279 410 251 336 387 415 782 565 511 324 298 181 512 561 461 294 609 303 259 427 505 479 254 432 515 349 698 639 690 848 296 579 277 635 234 318 189 337 163
297 412 702 416 868 313 826 664 733 628 314 683 412 548 488 517 276 287 476 439 384 632 440 389 433 496 343 548 513 489 281 828 263 820 505 581 210 721 233 707 365 393 175 323 309 260 693 259 559 707 370 529 615 339 767 377 425 594 418 407 212 372 196 465
537 394 516 436 803 502 854 487 849 800 433 667 595 335 543 632 560 344 416 524 635 653 450 377 589 436 401 695 702 404 483 401 390 784 672 508 441 492 602 809 561 650 499 622 510 660 791 274 651 621 538 593 393 588 590 594 307 693 565 650 372 631 349 435
308 322 412 472 548 560 510 482 778 742 388 710 279 731 799 654 714 746 506 556 696 729 789 557 552 282 373 398 293 445 438 593 315 541 577 498 510 782 408 871 340 493 316 346 374 390 486 343 548 272 721 536 660 454 532 622 558 663 774 376 756 232 382 484
168 281 307 510 549 432 611 708 789 618 531 663 480 492 766 539 691 787 582 592 432 359 717 288 471 471 464 669 177 646 187 358 538 719 306 679 443 834 618 836 520 305 656 234 460 651 305 763 481 634 549 748 385 572 442 729 621 298 844 203 772 210 508 308
529 590 598 376 487 293 700 706 841 516 864 702 613 396 513 607 470 697 285 564 368 411 295 475 725 266 675 411 365 479 431 684 259 439 279 347 616 653 429 574 566 419 580 631 706 639 685 487 463 606 454 813 480 807 576 738 694 614 571 523 473 387 470 275
225 492 523 442 665 455 771 413 840 719 852 387 514 233 435 397 345 484 340 349 689 518 455 401 412 403 288 266 419 538 510 627 316 492 653 349 795 499 762 742 810 606 597 302 590 421 819 551 728 557 441 361 662 620 645 310 293 306 421 599 372 479 261 581
246 720 523 481 410 725 638 638 409 845 421 627 760 199 589 397 220 690 271 693 409 786 535 762 704 670 780 236 507 537 497 387 466 570 536 646 389 663 612 772 693 536 322 424 714 569 486 361 509 547 382 743 241 412 517 488 372 260 379 795 400 788 433 609
632 714 378 571 612 366 573 478 510 676 263 396 531 349 426 637 331 659 482 518 704 508 783 740 575 400 847 346 715 324 822 334 734 247 509 384 498 321 784 502 705 246 337 174 742 239 502 292 710 690 299 683 166 535 383 396 764 262 751 553 262 606 207 584
729 617 602 522 588 443 514 259 396 332 623 257 605 459 670 630 469 751 366 471 544 492 565 773 409 500 739 439 576 718 737 544 811 343 822 658 801 586 790 280 344 396 501 517 775 645 614 456 579 440 357 561 216 560 594 529 861 361 824 325 734 709 420 770
573 716 369 313 252 507 551 432 311 705 232 622 194 670 316 653 546 763 415 459 471 682 714 479 590 328 584 438 743 750 460 338 381 412 726 722 562 549 667 299 666 324 758 762 543 784 380 662 758 420 727 276 721 634 649 699 405 343 795 245 819 421 323 370
701 496 356 409 391 381 428 683 672 320 497 618 378 675 289 563 466 825 425 806 424 421 471 280 483 212 284 204 549 362 455 290 301 230 510 523 759 648 711 674 567 409 768 404 607 566 634 580 693 699 324 535 551 701 660 422 259 711 491 433 752 658 293 295
547 562 743 517 658 490 566 388 377 173 559 210 574 289 706 581 691 617 613 563 435 660 525 406 339 375 527 161 455 167 435 609 509 299 746 306 542 695 386 741 346 374 757 448 481 359 293 548 664 421 406 424 733 615 457 797 501 711 340 291 503 354 371 715
691 586 703 453 376 594 389 786 544 434 417 172 455 515 344 698 291 709 495 603 358 372 391 437 636 464 695 509 463 211 557 257 540 429 482 237 556 647 712 635 563 793 665 418 251 520 369 693 407 380 697 362 510 593 633 679 293 550 336 655 635 346 285 601
637 566 623 778 326 796 535 845 678 751 257 307 487 694 625 389 365 420 533 336 280 322 378 228 602 229 347 327 671 379 527 359 460 606 739 202 638 343 626 785 369 818 258 778 400 672 625 536 795 358 516 617 504 647 478 778 350 780 359 829 569 729 482 220
783 408 810 636 607 824 525 864 316 815 550 758 588 457 715 676 662 377 520 274 443 681 539 495 288 345 478 343 378 394 258 670 528 684 472 400 301 280 481 432 724 577 233 719 529 491 778 526 758 524 818 372 583 592 323 588 265 699 758 716 662 504 243 404
197 703 500 735 762 785 735 740 615 844 848 813 799 555 521 767 771 712 709 695 272 566 211 452 314 308 346 261 192 581 394 856 313 850 280 525 182 635 433 607 749 394 396 493 348 351 743 716 623 740 666 659 461 678 571 814 290 773 732 544 779 376 373 737
117 688 414 608 569 513 491 369 795 464 754 797 814 438 779 369 432 812 426 828 489 786 617 479 427 268 211 678 266 524 677 757 363 793 110 801 128 381 226 741 417 281 705 256 748 222 438 381 426 765 301 827 471 537 642 661 686 538 345 750 594 664 602 556
471 391 438 363 632 623 323 536 342 462 732 701 478 358 594 223 375 484 271 574 522 382 594 295 765 262 455 774 257 756 493 576 382 768 229 801 332 555 457 697 469 606 717 669 700 673 783 384 487 478 192 582 292 658 535 652 324 670 719 672 641 356 365 424
509 338 308 725 596 684 684 587 486 621 510 341 635 331 640 553 604 679 767 665 768 668 753 410 704 394 747 518 578 456 318 356 459 362 566 694 379 493 716 432 434 363 458 786 693 645 726 545 642 499 488 320 284 570 540 573 544 307 440 612 658 614 355 742
311 601 544 461 541 381 794 689 843 606 770 632 593 670 331 583 281 418 478 561 571 719 467 382 501 667 651 382 420 616 207 575 659 707 767 433 546 316 520 289 406 560 307 503 673 719 443 387 447 244 651 363 536 665 521 312 809 238 803 308 668 644 380 656
613 604 592 486 309 653 621 387 650 454 633 404 462 503 536 541 608 758 555 532 468 267 711 275 670 315 514 605 455 757 262 467 690 811 751 767 374 290 457 227 517 766 345 782 676 411 309 348 281 693 635 666 511 723 556 245 474 140 762 398 584 227 710 337
834 517 757 796 611 791 433 458 488 650 404 760 547 548 361 806 590 798 587 568 443 293 326 262 454 431 733 753 343 454 213 494 343 842 669 726 573 595 249 284 464 535 716 716 594 431 482 721 471 856 610 596 823 476 683 404 706 207 726 182 476 386 587 340
550 638 609 384 610 640 640 312 478 329 312 821 497 850 572 548 604 636 586 356 641 224 500 341 347 664 637 756 643 814 639 776 555 770 464 573 353 265 254 576 370 568 256 727 267 567 393 462 696 742 502 575 757 460 472 302 503 206 599 287 526 638 544 212
833 753 776 308 416 467 740 365 519 246 706 782 484 819 251 672 390 668 616 512 677 709 418 645 354 281 370 425 605 560 711 654 435 476 563 512 492 283 358 557 598 720 518 726 660 450 459 265 701 283 394 445 479 260 591 268 267 593 310 723 379 576 318 257
570 411 476 693 664 575 278 276 304 203 357 533 220 648 204 616 563 587 660 333 354 225 334 314 584 500 543 659 708 684 689 611 437 656 611 509 432 524 698 291 443 752 339 786 730 724 700 730 559 703 578 539 672 427 550 465 645 341 458 700 289 395 381 688
232 336 526 524 740 255 505 156 397 154 642 256 595 481 414 329 368 307 620 295 696 327 768 629 828 686 654 816 456 745 569 417 594 649 466 282 251 357 400 280 419 635 715 638 588 756 319 676 343 445 756 670 590 431 622 751 648 588 573 403 255 333 337 411
286 347 405 710 720 441 664 568 470 205 307 473 635 511 800 682 733 350 504 643 425 371 304 346 652 378 333 463 470 434 477 380 543 302 488 441 390 411 614 414 404 585 350 355 214 463 206 703 507 738 730 342 620 680 275 706 230 466 376 686 360 349 474 722
355 656 687 616 567 406 511 403 462 412 175 538 390 644 745 810 657 854 544 821 543 493 194 759 213 538 242 661 498 597 379 523 497 579 430 365 452 293 242 299 223 593 657 676 554 546 657 606 631 663 641 712 468 337 253 502 595 354 366 655 256 814 445 841
739 803 759 788 777 691 814 713 473 728 239 465 197 843 739 778 616 596 616 839 591 798 566 900 351 739 678 848 459 635 515 767 667 678 539 673 364 414 183 659 503 763 303 550 581 494 771 606 335 414 483 715 554 239 489 274 699 560 385 709 257 498 395 689
659 773 472 379 737 345 778 412 348 465 226 594 179 848 350 759 345 588 363 689 687 852 740 865 473 743 632 687 556 340 503 420 595 447 436 681 252 455 466 371 397 781 222 787 340 530 499 807 531 546 563 421 476 472 292 492 298 476 360 635 190 727 391 805
358 260 664 377 429 358 349 717 607 685 612 447 481 600 248 387 639 519 384 773 343 505 769 392 667 351 384 456 653 464 312 615 285 761 215 474 546 555 675 775 634 638 489 658 376 883 396 908 638 765 524 419 549 779 670 765 349 788 237 558 193 698 345 817
750 417 495 637 741 660 364 838 338 491 375 427 535 606 414 234 310 259 544 360 506 461 724 441 351 693 461 784 709 511 486 543 340 600 427 427 316 339 684 682 608 439 414 653 263 871 223 699 375 637 677 643 608 556 263 647 348 592 525 712 646 710 596 603
633 659 518 325 640 717 581 796 265 425 546 510 626 429 535 529 346 608 276 728 588 555 767 573 453 600 399 783 251 384 309 266 387 344 500 390 488 551 363 318 305 393 536 349 559 685 781 493 749 302 501 626 737 743 346 445 335 362 560 611 746 529 470 171
292 668 682 262 311 331 417 423 709 364 695 581 784 775 541 702 599 793 437 611 393 563 435 416 314 262 547 582 488 509 462 199 431 273 393 209 453 331 627 598 674 738 323 630 552 613 745 717 684 469 796 432 561 304 680 411 531 362 331 518 743 688 536 293
300 390 503 280 613 325 663 381 806 574 727 633 502 434 642 425 497 603 742 731 474 678 575 419 490 318 457 348 374 500 660 526 429 516 596 627 446 431 738 484 365 401 661 458 513 310 515 481 588 525 697 299 510 618 669 233 731 142 251 246 316 697 563 681
581 715 806 576 807 509 699 471 460 786 666 681 614 653 712 502 773 586 560 746 433 555 505 565 766 513 736 627 410 587 454 536 510 356 521 417 529 617 470 369 436 438 310 471 584 517 455 281 427 727 681 497 627 364 664 504 703 340 314 230 662 411 564 563
343 250 583 530 436 577 490 446 566 631 281 700 427 867 575 627 750 612 268 633 269 422 394 292 434 711 388 458 305 183 370 236 331 341 535 615 489 725 551 665 294 329 293 482 773 399 527 337 362 745 717 630 606 373 410 215 625 284 599 458 616 749 625 769
